4.5	0.05986691696143357
4.6	0.05340468044982608
4.7	0.04733241464232918
4.8	0.0416349906290106
4.9	0.03629727949993786
5.	0.031304152345178714
5.1	0.02664048025480074
5.2	0.022291134318871527
5.3	0.01824098562745879
5.4	0.014474905270630094
5.5	0.010977764338453138
5.6	0.007734433920995525
5.7	0.004729785108324856
5.8	0.0019486889905088256
5.9	-0.0006239833423849874
6.	-0.0030033608002889
6.1	-0.005204572293135302
6.2	-0.007242746730856579
6.3	-0.009132961308682118
6.4	-0.010886973322866023
6.5	-0.012511265403753403
6.6	-0.014011851049252094
6.7	-0.015394743757269925
6.8	-0.016665957025714676
6.9	-0.0178313922466547
7.	-0.01889645993582984
7.1	-0.019866436290773382
7.2	-0.020746597505655558
7.3	-0.021542220629106185
7.4	-0.022258690813181842
7.5	-0.022901605747204505
7.6	-0.023476587904255084
7.7	-0.02398922614109419
7.8	-0.024444197594700987
7.9	-0.024845183346047173
8.	-0.025195813951142107
8.1	-0.025499719965995163
8.2	-0.02576042875365551
8.3	-0.02598054446237121
8.4	-0.026162185049813262
8.5	-0.02630746412076447
8.6	-0.026418495280007642
8.7	-0.026497392132325555
8.8	-0.026546268282501007
8.9	-0.026567222106157164
9.	-0.02656199811790933
9.1	-0.026531984965165664
9.2	-0.026478555664930733
9.3	-0.02640308323420912
9.4	-0.026306940690005418
9.5	-0.0261915010493242
9.6	-0.026058137329170065
9.7	-0.02590822254654759
9.8	-0.025742993287045903
9.9	-0.025563130608225303
10.	-0.025369174191189673
10.1	-0.02516166371701387
10.2	-0.024941138866772728
10.3	-0.024708139321541117
10.4	-0.024463204762393886
10.5	-0.024206874870405896
10.6	-0.02393968932665198
10.7	-0.02366218781220701
10.8	-0.02337490421513243
10.9	-0.02307834253695659
11.	-0.02277299716917752
11.1	-0.022459362498742984
11.2	-0.02213793291260073
11.3	-0.021809202797698515
11.4	-0.02147366654098409
11.5	-0.021131818529405207
11.6	-0.020784153149951974
11.7	-0.020431164851040393
11.8	-0.020073348265320368
11.9	-0.01971119805983729
12.	-0.019345208901636542
12.1	-0.018975875457763493
12.2	-0.01860369239526352
12.3	-0.018229154381182017
12.4	-0.017852756082564352
12.5	-0.01747499216645592
12.6	-0.017096357299638026
12.7	-0.016717300412763064
12.8	-0.016338097244237904
12.9	-0.01595898254382704
13.	-0.015580191061294954
13.1	-0.015201957546406129
13.2	-0.014824516748925053
13.3	-0.014448103418616215
13.4	-0.01407295230524411
13.5	-0.013699298158573214
13.6	-0.013327375728368025
13.7	-0.012957424796273917
13.8	-0.012589709269725373
13.9	-0.012224500278106117
14.	-0.011862068952127413
14.1	-0.011502686422500531
14.2	-0.011146623819936734
14.3	-0.010794152275147285
14.4	-0.010445542918843462
14.5	-0.01010106688173653
14.6	-0.009760995294537755
14.7	-0.009425599287958405
14.8	-0.009095149992709743
14.9	-0.008769918233680759
15.	-0.00845015752752673
15.1	-0.008136095145243487
15.2	-0.007827956166825785
15.3	-0.00752596567226837
15.4	-0.007230348741566004
15.5	-0.0069413304547134335
15.6	-0.006659135891705415
15.7	-0.006383990132536699
15.8	-0.006116118257202029
15.9	-0.005855745345696172
16.	-0.005603096478013873
16.1	-0.005358396734149883
16.2	-0.005121871194098965
16.3	-0.004893744937855854
16.4	-0.004674197970050561
16.5	-0.004463129090352914
16.6	-0.004260328854072773
16.7	-0.004065587589422503
16.8	-0.0038786956246144515
16.9	-0.0036994432878609917
17.	-0.003527620907374472
17.1	-0.003363018811367261
17.2	-0.003205427328051723
17.3	-0.00305463678564021
17.4	-0.002910437512345091
17.5	-0.002772619836378718
17.6	-0.002640974085953456
17.7	-0.002515290589281672
17.8	-0.0023953596745757157
17.9	-0.002280971670047957
18.	-0.0021719169039107495
18.1	-0.0020679857043764574
18.2	-0.001968968399657445
18.3	-0.0018746553179660654
18.4	-0.0017848367875146873
18.5	-0.0016993031365156639
18.6	-0.0016178446931813606
18.7	-0.0015402517857241397
18.8	-0.001466314742356357
18.9	-0.001395823891290378
19.	-0.0013285708706331774
19.1	-0.0012643990032700726
19.2	-0.0012032191969941009
19.3	-0.0011449469214086026
19.4	-0.0010894976461169254
19.5	-0.0010367868407224093
19.6	-0.0009867299748284005
19.7	-0.0009392425180382454
19.8	-0.0008942399399552837
19.9	-0.0008516377101828625
20.	-0.0008113512983243237
20.1	-0.0007732961739830122
20.2	-0.0007373878067622734
20.3	-0.0007035416662654491
20.4	-0.0006716732220958852
20.5	-0.0006416979438569239
20.6	-0.0006135313011519103
20.7	-0.0005870887635841892
20.8	-0.0005622858007571029
20.9	-0.000539037882273997
21.	-0.000517260477738214
21.1	-0.0004968690567530987
21.2	-0.000477779088921996
21.3	-0.0004599060438482485
21.4	-0.0004431653911352012
21.5	-0.0004274726003861973
21.6	-0.00041274314120458115
21.7	-0.00039889248319369765
21.8	-0.0003858360959568893
21.9	-0.0003734894490975016
22.	-0.00036176801221887744
22.1	-0.0003505872549243612
22.2	-0.00033986264681729744
22.3	-0.0003295096575010294
22.4	-0.00031944451755209737
22.5	-0.00030961636011676147
22.6	-0.00030001908623624915
22.7	-0.0002906498017570167
22.8	-0.0002815056125255201
22.9	-0.00027258362438821584
23.	-0.00026388094319155955
23.1	-0.0002553946747820081
23.2	-0.0002471219250060175
23.3	-0.00023905979971004384
23.4	-0.0002312054047405437
23.5	-0.00022355584594397276
23.6	-0.00021610822916678753
23.7	-0.00020885966025544446
23.8	-0.00020180724505639935
23.9	-0.00019494808941610884
24.	-0.00018827929918102866
24.1	-0.00018179798019761533
24.2	-0.00017550123831232533
24.3	-0.00016938617937161432
24.4	-0.00016344990922193903
24.5	-0.0001576895337097553
24.6	-0.00015210215868151944
24.7	-0.000146684889983688
24.8	-0.0001414348334627167
24.9	-0.00013634909496506217
25.	-0.0001314247803371804
25.1	-0.00012665899542552757
25.2	-0.00012204884607656025
25.3	-0.00011759143813673423
25.4	-0.00011328387745250609
25.5	-0.00010912326987033179
25.6	-0.00010510672123666759
25.7	-0.00010123133739796996
25.8	-0.00009749422420069475
25.9	-0.00009389248749129855
26.	-0.00009042323311623726
26.1	-0.00008708356692196729
26.2	-0.00008387059475494489
26.3	-0.00008078142246162612
26.4	-0.00007781315588846741
26.5	-0.00007496290003977014
26.6	-0.00007222773353765301
26.7	-0.00006960470401433784
26.8	-0.00006709085733085692
26.9	-0.00006468323934824286
27.	-0.00006237889592752796
27.1	-0.00006017487292974474
27.2	-0.000058068216215925705
27.3	-0.00005605597164710317
27.4	-0.000054135185084309704
27.5	-0.00005230290238857764
27.6	-0.00005055616942093948
27.7	-0.00004889203204242771
27.8	-0.000047307536114074697
27.9	-0.00004579972749691295
28.	-0.00004436565205197486
28.1	-0.00004300235564029288
28.2	-0.00004170688412289955
28.3	-0.00004047628336082718
28.4	-0.00003930759921510832
28.5	-0.000038197877546775325
28.6	-0.00003714416421686069
28.7	-0.0000361435050863969
28.8	-0.00003519294601641632
28.9	-0.00003428953286795146
29.	-0.00003343031150203472
29.1	-0.000032612327779698565
29.2	-0.00003183262756197546
29.3	-0.0000310882567098978
29.4	-0.000030376261084498102
29.5	-0.000029693686546808738
29.6	-0.00002903757895786218
29.7	-0.00002840498417869092
29.8	-0.000027792948070327327
29.9	-0.000027198516493803912
30.	-0.000026618741901936303
30.1	-0.000026051541336907536
30.2	-0.0000254965482922761
30.3	-0.00002495359877686167
30.4	-0.000024422528799484
30.5	-0.000023903174368962775
30.6	-0.000023395371494117727
30.7	-0.000022898956183768628
30.8	-0.00002241376444673512
30.9	-0.00002193963229183699
31.	-0.000021476395727893907
31.1	-0.00002102389076372562
31.2	-0.00002058195340815186
31.3	-0.00002015041966999232
31.4	-0.000019729125558066748
31.5	-0.00001931790708119484
31.6	-0.00001891660024819634
31.7	-0.000018525041067890956
31.8	-0.000018143065549098402
31.9	-0.000017770509700638434
32.	-0.000017407209531330723
32.1	-0.00001705300104999502
32.2	-0.000016707720265451043
32.3	-0.00001637120318651853
32.4	-0.000016043285822017166
32.5	-0.000015723804180766688
32.6	-0.000015412594271586822
32.7	-0.000015109492103297282
32.8	-0.00001481433368471782
32.9	-0.000014526955024668102
33.	-0.000014247191852905212
33.1	-0.000013974868689698817
33.2	-0.000013709795281486474
33.3	-0.000013451780365695791
33.4	-0.000013200632679754318
33.5	-0.000012956160961089657
33.6	-0.0000127181739471294
33.7	-0.000012486480375301127
33.8	-0.000012260888983032439
33.9	-0.0000120412085077509
34.	-0.000011827247686884099
34.1	-0.000011618815257859629
34.2	-0.000011415719958105079
34.3	-0.000011217770525048046
34.4	-0.000011024775696116089
34.5	-0.000010836544208736807
34.6	-0.000010652884800337787
34.7	-0.000010473606208346617
34.8	-0.000010298517170190892
34.9	-0.000010127426423298178
35.	-9.96014270509607e-6
35.1	-9.796474753012155e-6
35.2	-9.636231304474018e-6
35.3	-9.47922109690926e-6
35.4	-9.325252867745445e-6
35.5	-9.174135354410164e-6
35.6	-9.025677294331011e-6
35.7	-8.879687424935566e-6
35.8	-8.735997073042157e-6
35.9	-8.594550122367664e-6
36.	-8.455325445196018e-6
36.1	-8.318301924844318e-6
36.2	-8.183458444629673e-6
36.3	-8.050773887869192e-6
36.4	-7.920227137879965e-6
36.5	-7.791797077979106e-6
36.6	-7.665462591483714e-6
36.7	-7.5412025617109005e-6
36.8	-7.418995871977775e-6
36.9	-7.2988214056014255e-6
37.	-7.1806580458989636e-6
37.1	-7.064484676187497e-6
37.2	-6.950280179784125e-6
37.3	-6.838023440005968e-6
37.4	-6.727693340170105e-6
37.5	-6.6192687635936555e-6
37.6	-6.5127285935937195e-6
37.7	-6.408051713487403e-6
37.8	-6.305217006591822e-6
37.9	-6.204203356224061e-6
38.	-6.104989645701232e-6
38.1	-6.0075547583404415e-6
38.2	-5.911877577458794e-6
38.3	-5.8179369863734e-6
38.4	-5.725711868401349e-6
38.5	-5.635181106859755e-6
38.6	-5.5463235850657205e-6
38.7	-5.459118186336353e-6
38.8	-5.373543548957996e-6
38.9	-5.289575418544184e-6
39.	-5.207187653268179e-6
39.1	-5.126354078879586e-6
39.2	-5.047048521128009e-6
39.3	-4.969244805763054e-6
39.4	-4.892916758534313e-6
39.5	-4.818038205191396e-6
39.6	-4.7445829714839044e-6
39.7	-4.672524883161441e-6
39.8	-4.6018377659736155e-6
39.9	-4.532495445670017e-6
40.	-4.464471748000258e-6
40.1	-4.3977404987139365e-6
40.2	-4.33227552356066e-6
40.3	-4.268050648290033e-6
40.4	-4.205039698651649e-6
40.5	-4.143216500395118e-6
40.6	-4.082554879270041e-6
40.7	-4.023028661026022e-6
40.8	-3.964611671412665e-6
40.9	-3.907277736179567e-6
41.	-3.851000681076336e-6
41.1	-3.7957543318525727e-6
41.2	-3.7415125142578825e-6
41.3	-3.6882490540418684e-6
41.4	-3.635937776954128e-6
41.5	-3.584552508744268e-6
41.6	-3.5340670751618907e-6
41.7	-3.4844553019565986e-6
41.8	-3.435691014878e-6
41.9	-3.387748039675687e-6
42.	-3.3406002020992692e-6
42.1	-3.294221327898349e-6
42.2	-3.248585242822529e-6
42.3	-3.2036657726214137e-6
42.4	-3.159436743044601e-6
42.5	-3.1158719798416973e-6
42.6	-3.072945739430023e-6
42.7	-3.0306416693857876e-6
42.8	-2.9889525313610118e-6
42.9	-2.9478714622432206e-6
43.	-2.90739159891995e-6
43.1	-2.867506078278733e-6
43.2	-2.828208037207101e-6
43.3	-2.7894906125925923e-6
43.4	-2.75134694132273e-6
43.5	-2.7137701602850528e-6
43.6	-2.676753406367092e-6
43.7	-2.6402898164563808e-6
43.8	-2.604372527440454e-6
43.9	-2.568994676206839e-6
44.	-2.5341493996430727e-6
44.1	-2.4998298346366852e-6
44.2	-2.4660291180752103e-6
44.3	-2.432740386846184e-6
44.4	-2.3999567778371317e-6
44.5	-2.3676714279355915e-6
44.6	-2.335877474029094e-6
44.7	-2.304568053005173e-6
44.8	-2.2737363017513616e-6
44.9	-2.2433753571551907e-6
45.	-2.213478356104194e-6
45.1	-2.184038435485902e-6
45.2	-2.155048732187851e-6
45.3	-2.1265023830975737e-6
45.4	-2.0983925251025994e-6
45.5	-2.070712295090462e-6
45.6	-2.043454829948695e-6
45.7	-2.0166132665648303e-6
45.8	-1.990180741826403e-6
45.9	-1.9641503926209414e-6
46.	-1.9385153558359813e-6
46.1	-1.9132687683590536e-6
46.2	-1.8884037670776922e-6
46.3	-1.8639134888794316e-6
46.4	-1.8397910706518e-6
46.5	-1.816029649282333e-6
46.6	-1.792622361658562e-6
46.7	-1.7695623446680214e-6
46.8	-1.7468427351982435e-6
46.9	-1.7244566701367593e-6
47.	-1.7023972863711018e-6
47.1	-1.6806577317611687e-6
47.2	-1.6592322153833934e-6
47.3	-1.638116877647558e-6
47.4	-1.6173080637703338e-6
47.5	-1.5968021189683998e-6
47.6	-1.5765953884584317e-6
47.7	-1.5566842174571044e-6
47.8	-1.5370649511810955e-6
47.9	-1.5177339348470786e-6
48.	-1.4986875136717307e-6
48.1	-1.4799220328717272e-6
48.2	-1.4614338376637445e-6
48.3	-1.4432192732644595e-6
48.4	-1.4252746848905452e-6
48.5	-1.407596417758679e-6
48.6	-1.3901808170855366e-6
48.7	-1.3730242280877942e-6
48.8	-1.3561229959821289e-6
48.9	-1.3394734659852135e-6
49.	-1.3230719833137255e-6
49.1	-1.3069148931843405e-6
49.2	-1.2909985408137346e-6
49.3	-1.2753192714185846e-6
49.4	-1.2598734302155641e-6
49.5	-1.2446573624213504e-6
49.6	-1.2296674132526186e-6
49.7	-1.2148999279260453e-6
49.8	-1.200351251658307e-6
49.9	-1.1860177296660775e-6
50.	-1.1718957071660339e-6
50.1	-1.1579815293748517e-6
50.2	-1.1442715415092072e-6
50.3	-1.1307620887857765e-6
50.4	-1.1174495164212339e-6
50.5	-1.1043301696322565e-6
50.6	-1.0914003936355196e-6
50.7	-1.0786565336476998e-6
50.8	-1.0660949348854729e-6
50.9	-1.0537119425655138e-6
51.	-1.0415039019044984e-6
51.1	-1.0294671581191036e-6
51.2	-1.0175980564260042e-6
51.3	-1.0058929420418773e-6
51.4	-9.943481601833974e-7
51.5	-9.829600560672403e-7
51.6	-9.71724974910083e-7
51.7	-9.606392619286005e-7
51.8	-9.496992623394696e-7
51.9	-9.389013213593652e-7
52.	-9.282417842049626e-7
52.1	-9.177169960929387e-7
52.2	-9.073233022399691e-7
52.3	-8.970570957604458e-7
52.4	-8.869159368078052e-7
52.5	-8.768985901023862e-7
52.6	-8.670038757701698e-7
52.7	-8.572306139371387e-7
52.8	-8.475776247292747e-7
52.9	-8.38043728272558e-7
53.	-8.286277446929717e-7
53.1	-8.193284941164965e-7
53.2	-8.101447966691149e-7
53.3	-8.010754724768084e-7
53.4	-7.921193416655581e-7
53.5	-7.832752243613462e-7
53.6	-7.745419406901541e-7
53.7	-7.65918310777964e-7
53.8	-7.574031547507574e-7
53.9	-7.489952927345153e-7
54.	-7.406935448552202e-7
54.1	-7.324967312388534e-7
54.2	-7.244036720113965e-7
54.3	-7.16413187298832e-7
54.4	-7.085240972271404e-7
54.5	-7.007352219223038e-7
54.6	-6.930453815103043e-7
54.7	-6.854533961171229e-7
54.8	-6.779580858687423e-7
54.9	-6.70558270891143e-7
55.	-6.632527713103074e-7
55.1	-6.56040407252217e-7
55.2	-6.489199988428533e-7
55.3	-6.418903662081987e-7
55.4	-6.349503294742339e-7
55.5	-6.28098708766941e-7
55.6	-6.21334324212302e-7
55.7	-6.146559959362983e-7
55.8	-6.080625440649117e-7
55.9	-6.015527887241234e-7
56.	-5.951255500399155e-7
56.1	-5.887796481382697e-7
56.2	-5.825139031451675e-7
56.3	-5.763271351865913e-7
56.4	-5.702181643885216e-7
56.5	-5.641858108769407e-7
56.6	-5.582288947778301e-7
56.7	-5.52346236217172e-7
56.8	-5.465366553209478e-7
56.9	-5.407989722151387e-7
57.	-5.35132007025727e-7
57.1	-5.295345798786939e-7
57.2	-5.240055109000216e-7
57.3	-5.185436202156916e-7
57.4	-5.131477279516854e-7
57.5	-5.078166542339847e-7
57.6	-5.025492191885711e-7
57.7	-4.973442429414267e-7
57.8	-4.922005456185332e-7
57.9	-4.871169473458716e-7
58.	-4.82092268249424e-7
58.1	-4.771253472311572e-7
58.2	-4.7221536129958225e-7
58.3	-4.67361780471696e-7
58.4	-4.6256408446287976e-7
58.5	-4.5782175298851636e-7
58.6	-4.531342657639876e-7
58.7	-4.485011025046758e-7
58.8	-4.439217429259634e-7
58.9	-4.393956667432318e-7
59.	-4.3492235367186367e-7
59.1	-4.305012834272409e-7
59.2	-4.2613193572474595e-7
59.3	-4.218137902797611e-7
59.4	-4.175463268076677e-7
59.5	-4.133290250238486e-7
59.6	-4.091613646436857e-7
59.7	-4.0504282538256117e-7
59.8	-4.009728869558574e-7
59.9	-3.9695102907895617e-7
60.	-3.929767314672397e-7
60.1	-3.890494738360903e-7
60.2	-3.851687359008899e-7
60.3	-3.813339973770212e-7
60.4	-3.775447379798655e-7
60.5	-3.738004374248056e-7
60.6	-3.701005754272232e-7
60.7	-3.6644463170250076e-7
60.8	-3.628320859660207e-7
60.9	-3.5926241793316443e-7
61.	-3.5573510731931455e-7
61.1	-3.5224963383985306e-7
61.2	-3.488054772101623e-7
61.3	-3.454021171456245e-7
61.4	-3.420390333616214e-7
61.5	-3.387157055735354e-7
61.6	-3.354316134967485e-7
61.7	-3.3218623684664306e-7
61.8	-3.2897905533860125e-7
61.9	-3.2580954868800487e-7
62.	-3.2267719661023644e-7
62.1	-3.1958147882067786e-7
62.2	-3.1652187503471136e-7
62.3	-3.1349786496771945e-7
62.4	-3.1050892833508356e-7
62.5	-3.075545448521864e-7
62.6	-3.046341942344097e-7
62.7	-3.01747356197136e-7
62.8	-2.988935104557475e-7
62.9	-2.9607213672562586e-7
63.	-2.9328271472215354e-7
63.1	-2.9052472416071266e-7
63.2	-2.8779764475668534e-7
63.3	-2.8510095622545397e-7
63.4	-2.824341382824003e-7
63.5	-2.7979667064290663e-7
63.6	-2.7718803302235507e-7
63.7	-2.7460770513612797e-7
63.8	-2.7205516669960745e-7
63.9	-2.695298974281754e-7
64.	-2.6703137703721407e-7
64.1	-2.645590852421059e-7
64.2	-2.621125017582324e-7
64.3	-2.596911063009764e-7
64.4	-2.572943785857195e-7
64.5	-2.549218255890031e-7
64.6	-2.525731617479259e-7
64.7	-2.5024819687813195e-7
64.8	-2.4794674129892034e-7
64.9	-2.4566860532958896e-7
65.	-2.434135992894371e-7
65.1	-2.411815334977628e-7
65.2	-2.3897221827386457e-7
65.3	-2.3678546393704134e-7
65.4	-2.3462108080659114e-7
65.5	-2.3247887920181294e-7
65.6	-2.3035866944200519e-7
65.7	-2.2826026184646604e-7
65.8	-2.261834667344946e-7
65.9	-2.2412809442538882e-7
66.	-2.2209395523844782e-7
66.1	-2.2008085949296993e-7
66.2	-2.1808861750825325e-7
66.3	-2.1611703960359704e-7
66.4	-2.1416593609829915e-7
66.5	-2.1223511731165873e-7
66.6	-2.1032439356297406e-7
66.7	-2.0843357517154335e-7
66.8	-2.065624724566657e-7
66.9	-2.0471089573763915e-7
67.	-2.0287865533376274e-7
67.1	-2.0106556156433467e-7
67.2	-1.9927142474865334e-7
67.3	-1.9749605520601776e-7
67.4	-1.957392632557259e-7
67.5	-1.9400085921707687e-7
67.6	-1.9228065340936886e-7
67.7	-1.905784561519003e-7
67.8	-1.8889407776397016e-7
67.9	-1.872273285648764e-7
68.	-1.8557801887391815e-7
68.1	-1.8394595901039366e-7
68.2	-1.8233095929360126e-7
68.3	-1.8073283004283994e-7
68.4	-1.7915138157740772e-7
68.5	-1.775864242166037e-7
68.6	-1.760377682797261e-7
68.7	-1.7450522408607327e-7
68.8	-1.7298860195494417e-7
68.9	-1.7148771220563694e-7
69.	-1.7000236515745052e-7
69.1	-1.6853237112968322e-7
69.2	-1.6707754044163343e-7
69.3	-1.6563768341259994e-7
69.4	-1.6421261036188107e-7
69.5	-1.6280213160877568e-7
69.6	-1.6140605747258208e-7
69.7	-1.6002419827259864e-7
69.8	-1.586563643281243e-7
69.9	-1.5730236595845716e-7
70.	-1.559620134828962e-7
70.1	-1.5463511722073973e-7
70.2	-1.533214874912861e-7
70.3	-1.5202093461383422e-7
70.4	-1.507332689076823e-7
70.5	-1.4945830069212914e-7
70.6	-1.481958402864732e-7
70.7	-1.469456980100128e-7
70.8	-1.4570768418204688e-7
70.9	-1.444816091218735e-7
71.	-1.4326728314879164e-7
71.1	-1.4206451658209966e-7
71.2	-1.408731197410958e-7
71.3	-1.3969290294507918e-7
71.4	-1.3852367822481215e-7
71.5	-1.373653067091938e-7
71.6	-1.3621770473227737e-7
71.7	-1.3508079156624888e-7
71.8	-1.339544864832951e-7
71.9	-1.3283870875560187e-7
72.	-1.317333776553559e-7
72.1	-1.3063841245474332e-7
72.2	-1.2955373242595032e-7
72.3	-1.2847925684116346e-7
72.4	-1.2741490497256876e-7
72.5	-1.2636059609235284e-7
72.6	-1.2531624947270184e-7
72.7	-1.242817843858019e-7
72.8	-1.2325712010383964e-7
72.9	-1.2224217589900113e-7
73.	-1.2123687104347288e-7
73.1	-1.202411248094411e-7
73.2	-1.192548564690919e-7
73.3	-1.1827798529461195e-7
73.4	-1.1731043055818723e-7
73.5	-1.1635211153200432e-7
73.6	-1.1540294748824943e-7
73.7	-1.1446285769910864e-7
73.8	-1.1353176143676863e-7
73.9	-1.1260957797341537e-7
74.	-1.1169622658123545e-7
74.1	-1.1079162653241508e-7
74.2	-1.0989569709914038e-7
74.3	-1.0900835755359795e-7
74.4	-1.0812952716797383e-7
74.5	-1.0725912521445459e-7
74.6	-1.0639707096522638e-7
74.7	-1.0554328369247542e-7
74.8	-1.0469768266838822e-7
74.9	-1.0386018716515089e-7
75.	-1.0303071645494995e-7
75.1	-1.0220918980997163e-7
75.2	-1.0139552650240202e-7
75.3	-1.0058964580442773e-7
75.4	-9.979146698823485e-8
75.5	-9.900090932600985e-8
75.6	-9.821789208993902e-8
75.7	-9.744233455220845e-8
75.8	-9.667415598500476e-8
75.9	-9.591327566051395e-8
76.	-9.515961285092261e-8
76.1	-9.441308682841689e-8
76.2	-9.367361686518303e-8
76.3	-9.294112223340753e-8
76.4	-9.221552220527651e-8
76.5	-9.149673605297643e-8
76.6	-9.078468304869356e-8
76.7	-9.007928246461405e-8
76.8	-8.938045357292442e-8
76.9	-8.86881156458108e-8
77.	-8.800218795545966e-8
77.1	-8.732258977405725e-8
77.2	-8.664924037378974e-8
77.3	-8.598205902684364e-8
77.4	-8.53209650054051e-8
77.5	-8.466587758166056e-8
77.6	-8.401671602779625e-8
77.7	-8.337339961599842e-8
77.8	-8.273584761845353e-8
77.9	-8.210397930734769e-8
78.	-8.147771395486742e-8
78.1	-8.085697083319888e-8
78.2	-8.024166921452837e-8
78.3	-7.963172837104232e-8
78.4	-7.902706757492686e-8
78.5	-7.842760609836848e-8
78.6	-7.783326321355344e-8
78.7	-7.724395819266785e-8
78.8	-7.66596103078983e-8
78.9	-7.608014244247276e-8
79.	-7.550550736331549e-8
79.1	-7.493567259278009e-8
79.2	-7.43706057575257e-8
79.3	-7.381027448421178e-8
79.4	-7.325464639949731e-8
79.5	-7.27036891300417e-8
79.6	-7.215737030250403e-8
79.7	-7.161565754354351e-8
79.8	-7.107851847981949e-8
79.9	-7.054592073799105e-8
80.	-7.00178319447175e-8
80.1	-6.949421972665806e-8
80.2	-6.897505171047183e-8
80.3	-6.846029552281817e-8
80.4	-6.794991879035616e-8
80.5	-6.744388913974519e-8
80.6	-6.694217419764437e-8
80.7	-6.644474159071283e-8
80.8	-6.595155894560999e-8
80.9	-6.546259388899488e-8
81.	-6.497781404752687e-8
81.1	-6.449718704786512e-8
81.2	-6.402068051666873e-8
81.3	-6.354826208059712e-8
81.4	-6.307989936630935e-8
81.5	-6.261556000046477e-8
81.6	-6.21552116097225e-8
81.7	-6.169882182074173e-8
81.8	-6.12463582601818e-8
81.9	-6.079778855470178e-8
82.	-6.035308033096103e-8
82.1	-5.991220121561874e-8
82.2	-5.947511883533399e-8
82.3	-5.9041800816766166e-8
82.4	-5.861221478657437e-8
82.5	-5.818632837141792e-8
82.6	-5.7764109197955986e-8
82.7	-5.7345524892847705e-8
82.8	-5.693054308275243e-8
82.9	-5.651913139432929e-8
83.	-5.611125745423757e-8
83.1	-5.5706888889136455e-8
83.2	-5.530599332568509e-8
83.3	-5.490853839054281e-8
83.4	-5.4514491710368736e-8
83.5	-5.412382091182219e-8
83.6	-5.373649362156232e-8
83.7	-5.335247746624829e-8
83.8	-5.297174007253945e-8
83.9	-5.259424906709489e-8
84.	-5.221997207657395e-8
84.1	-5.184887672763578e-8
84.2	-5.1480930646939526e-8
84.3	-5.111610146114456e-8
84.4	-5.075435679690995e-8
84.5	-5.0395664280895053e-8
84.6	-5.003999153975901e-8
84.7	-4.9687306200160984e-8
84.8	-4.933757588876032e-8
84.9	-4.899076823221611e-8
85.	-4.864685085718769e-8
85.1	-4.8305791390334215e-8
85.2	-4.7967557458314854e-8
85.3	-4.7632116687788923e-8
85.4	-4.7299436705415556e-8
85.5	-4.6969485137854044e-8
85.6	-4.6642229611763576e-8
85.7	-4.631763775380332e-8
85.8	-4.5995677190632563e-8
85.9	-4.567631554891046e-8
86.	-4.535952045529631e-8
86.1	-4.504525953644929e-8
86.2	-4.473350041902856e-8
86.3	-4.442421072969343e-8
86.4	-4.4117358095103045e-8
86.5	-4.381291014191667e-8
86.6	-4.3510834496793524e-8
86.7	-4.3211098786392774e-8
86.8	-4.29136706373737e-8
86.9	-4.261851995945073e-8
87.	-4.23256287001338e-8
87.1	-4.20349827600931e-8
87.2	-4.174656804234282e-8
87.3	-4.146037044989727e-8
87.4	-4.117637588577057e-8
87.5	-4.0894570252977056e-8
87.6	-4.0614939454530896e-8
87.7	-4.033746939344627e-8
87.8	-4.00621459727375e-8
87.9	-3.978895509541871e-8
88.	-3.951788266450421e-8
88.1	-3.92489145830082e-8
88.2	-3.898203675394484e-8
88.3	-3.8717235080328456e-8
88.4	-3.845449546517319e-8
88.5	-3.8193803811493315e-8
88.6	-3.793514602230305e-8
88.7	-3.767850800061657e-8
88.8	-3.7423875649448193e-8
88.9	-3.717123487181203e-8
89.	-3.6920571570722405e-8
89.1	-3.66718716491935e-8
89.2	-3.6425121010239496e-8
89.3	-3.618030555687471e-8
89.4	-3.593741119211328e-8
89.5	-3.5696423818969505e-8
89.6	-3.545732934045757e-8
89.7	-3.522011365959166e-8
89.8	-3.498476267938608e-8
89.9	-3.475126230285498e-8
90.	-3.451959843301265e-8
90.1	-3.4289756972873283e-8
90.2	-3.4061723825451076e-8
90.3	-3.3835484893760314e-8
90.4	-3.361102608081515e-8
90.5	-3.3388333289629884e-8
90.6	-3.31673924232187e-8
90.7	-3.2948189384595795e-8
90.8	-3.2730710076775454e-8
90.9	-3.251494040277184e-8
91.	-3.230086626559924e-8
91.1	-3.208847356827185e-8
91.2	-3.187774821380385e-8
91.3	-3.166867610520954e-8
91.4	-3.1461243145503076e-8
91.5	-3.1255435237698754e-8
91.6	-3.105123828481075e-8
91.7	-3.0848638189853274e-8
91.8	-3.06476208558406e-8
91.9	-3.04481721857869e-8
92.	-3.025027808270645e-8
92.1	-3.005392444961346e-8
92.2	-2.985909718952211e-8
92.3	-2.9665782205446676e-8
92.4	-2.9473965400401347e-8
92.5	-2.9283632677400383e-8
92.6	-2.9094769939458005e-8
92.7	-2.8907363089588387e-8
92.8	-2.872139803080581e-8
92.9	-2.853686066612446e-8
93.	-2.835373689855859e-8
93.1	-2.8172012631122422e-8
93.2	-2.7991673766830142e-8
93.3	-2.781270620869602e-8
93.4	-2.763509585973425e-8
93.5	-2.7458828622959092e-8
93.6	-2.728389040138474e-8
93.7	-2.711026709802541e-8
93.8	-2.6937944615895356e-8
93.9	-2.6766908858008775e-8
94.	-2.6597145727379918e-8
94.1	-2.6428641127023e-8
94.2	-2.6261380959952228e-8
94.3	-2.6095351129181848e-8
94.4	-2.5930537537726056e-8
94.5	-2.576692608859912e-8
94.6	-2.5604502684815246e-8
94.7	-2.5443253229388625e-8
94.8	-2.5283163625333533e-8
94.9	-2.5124219775664142e-8
95.	-2.4966407583394734e-8
95.1	-2.4809712951539498e-8
95.2	-2.4654121783112647e-8
95.3	-2.4499619981273245e-8
95.4	-2.434619497851104e-8
95.5	-2.419383951007923e-8
95.6	-2.404254745977903e-8
95.7	-2.3892312711411637e-8
95.8	-2.3743129148778337e-8
95.9	-2.359499065568031e-8
96.	-2.3447891115918835e-8
96.1	-2.3301824413295108e-8
96.2	-2.315678443161035e-8
96.3	-2.3012765054665826e-8
96.4	-2.2869760166262723e-8
96.5	-2.2727763650202317e-8
96.6	-2.258676939028582e-8
96.7	-2.244677127031443e-8
96.8	-2.230776317408943e-8
96.9	-2.2169738985412004e-8
97.	-2.2032692588083425e-8
97.1	-2.1896617865904892e-8
97.2	-2.1761508702677627e-8
97.3	-2.1627358982202892e-8
97.4	-2.149416258828189e-8
97.5	-2.136191340471587e-8
97.6	-2.1230605315306062e-8
97.7	-2.1100232203853667e-8
97.8	-2.097078795415995e-8
97.9	-2.084226645002611e-8
98.	-2.071466157525341e-8
98.1	-2.0587967213643062e-8
98.2	-2.046217724899628e-8
98.3	-2.033728556511433e-8
98.4	-2.0213286045798402e-8
98.5	-2.0090172574849767e-8
98.6	-1.9967939036069632e-8
98.7	-1.984657931325921e-8
98.8	-1.972608729021977e-8
98.9	-1.96064568507525e-8
99.	-1.9487681878658672e-8
99.1	-1.93697562577395e-8
99.2	-1.9252673871796186e-8
99.3	-1.9136428604630002e-8
99.4	-1.9021014340042144e-8
99.5	-1.8906424961833867e-8
99.6	-1.8792654353806404e-8
99.7	-1.8679696399760943e-8
99.8	-1.8567544983498768e-8
99.9	-1.8456193988821063e-8
100.	-1.8345637299529092e-8
105.	-1.3695592477840237e-8
110.	-1.035557811681641e-8
115.	-7.934562645970676e-9
120.	-6.144421992925405e-9
125.	-4.811093574054689e-9
130.	-3.801188041603192e-9
135.	-3.031860283643489e-9
140.	-2.4368482165177564e-9
145.	-1.9747114756426244e-9
150.	-1.610904550544101e-9
155.	-1.323422292459913e-9
160.	-1.093788354470572e-9
165.	-9.093884419601653e-10
170.	-7.603245659234935e-10
175.	-6.388615298530725e-10
180.	-5.396033355040936e-10
185.	-4.5774313691782106e-10
190.	-3.900814733175915e-10
195.	-3.3379803679403166e-10
200.	-2.8672921500614995e-10
205.	-2.4727721428978733e-10
210.	-2.1397089328542255e-10
215.	-1.8579819767110785e-10
220.	-1.6187102342716572e-10
225.	-1.4143925908752447e-10
230.	-1.2397210829451558e-10
235.	-1.0896554582635012e-10
240.	-9.602873039991538e-11
245.	-8.48603684129476e-11
250.	-7.517113424223118e-11
255.	-6.674721985282386e-11
260.	-5.941079287210246e-11
265.	-5.299252923738465e-11
270.	-4.7369226465125144e-11
275.	-4.243363247240421e-11
280.	-3.808404353312873e-11
285.	-3.424622660087161e-11
290.	-3.0854458016256274e-11
295.	-2.7845954370537084e-11
300.	-2.5174234997418334e-11
305.	-2.2798442242823874e-11
310.	-2.0678927527842978e-11
315.	-1.8785477761687457e-11
320.	-1.7092329257977312e-11
325.	-1.5574079265597523e-11
330.	-1.4210340625252564e-11
335.	-1.2984590508153848e-11
340.	-1.1880445832468707e-11
345.	-1.0883726572561692e-11
350.	-9.983553974328531e-12
355.	-9.169320410538973e-12
360.	-8.431071565462067e-12
365.	-7.761302587243248e-12
370.	-7.153082580446638e-12
375.	-6.599577360170255e-12
380.	-6.095254911130516e-12
385.	-5.635516331175412e-12
390.	-5.2157841454664195e-12
395.	-4.831875956861731e-12
400.	-4.480586780710157e-12
405.	-4.1588601562411565e-12
410.	-3.8636813342253e-12
415.	-3.5925888216600255e-12
420.	-3.3435134576377178e-12
425.	-3.114394414502874e-12
430.	-2.903290978949388e-12
435.	-2.7087004902584077e-12
440.	-2.5292201202939228e-12
445.	-2.3634505492316e-12
450.	-2.2101638677536165e-12
455.	-2.068377526454346e-12
460.	-1.937127873132478e-12
465.	-1.8154635263684799e-12
470.	-1.7025971921238575e-12
475.	-1.5978585975037279e-12
480.	-1.5005799886431435e-12
485.	-1.41011268422794e-12
490.	-1.3259367113053832e-12
495.	-1.2475853170392744e-12
500.	-1.1745919174924086e-12
550.	-6.630171732086393e-13
600.	-3.9336788367626473e-13
650.	-2.4334638337135e-13
700.	-1.5599664548908468e-13
750.	-1.0311863639713672e-13
800.	-7.001098676239922e-14
850.	-4.8662364598428414e-14
900.	-3.4534396220453304e-14
950.	-2.4966935454995835e-14
1000.	-1.835298169988073e-14
1050.	-1.3695265089676385e-14
1100.	-1.0359762500312848e-14
1150.	-7.934488668729486e-15
1200.	-6.14637562164481e-15
1250.	-4.811128876428841e-15
1300.	-3.802300289684371e-15
1350.	-3.0318220663660444e-15
1400.	-2.4374669089449028e-15
1450.	-1.974689127812441e-15
1500.	-1.6112352227100837e-15
1550.	-1.32347844003637e-15
1600.	-1.0939228702799968e-15
1650.	-9.095010851590242e-16
1700.	-7.603495080760955e-16
1750.	-6.389671183256099e-16
1800.	-5.395999012233329e-16
1850.	-4.578006953650858e-16
1900.	-3.90108386780865e-16
1950.	-3.3380991077455926e-16
2000.	-2.867654763156377e-16
2050.	-2.4727706738009214e-16
2100.	-2.1398879266221273e-16
2150.	-1.858130877473965e-16
2200.	-1.6187164367073147e-16
2250.	-1.4145288726508566e-16
2300.	-1.2397668389669201e-16
2350.	-1.0896817678290225e-16
2400.	-9.603721143823975e-17
2450.	-8.486146211302768e-17
2500.	-7.517385702980434e-17
2550.	-6.675224932645518e-17
2600.	-5.941101319411367e-17
2650.	-5.299460767975543e-17
2700.	-4.737228795178206e-17
2750.	-4.243369937365426e-17
2800.	-3.8085426065647025e-17
2850.	-3.4248201850108276e-17
2900.	-3.085453386938842e-17
2950.	-2.784677873713991e-17
3000.	-2.517558076363007e-17
3050.	-2.279858673725306e-17
3100.	-2.067934615581159e-17
3150.	-1.8786405988426863e-17
3200.	-1.709256320667952e-17
3250.	-1.5574239869921188e-17
3300.	-1.4210957562286403e-17
3350.	-1.2984885810376095e-17
3400.	-1.1880466862781622e-17
3450.	-1.0884098944670386e-17
3500.	-9.983867215155565e-18
3550.	-9.16931550944512e-18
3600.	-8.431250657388116e-18
3650.	-7.761574052026633e-18
3700.	-7.15313883189177e-18
3750.	-6.5996273392443e-18
3800.	-6.095445670142083e-18
3850.	-5.635632760217884e-18
3900.	-5.215781866495468e-18
3950.	-4.831972737221402e-18
4000.	-4.480712564631051e-18
4050.	-4.1588847050458496e-18
4100.	-3.863704219717916e-18
4150.	-3.5926791243217766e-18
4200.	-3.3435765551758518e-18
4250.	-3.1143931809280536e-18
4300.	-2.903329286214991e-18
4350.	-2.7087660365036947e-18
4400.	-2.5292455033918093e-18
4450.	-2.3634530891063983e-18
4500.	-2.210202039491734e-18
4550.	-2.0684197778199927e-18
4600.	-1.9371358284706545e-18
4650.	-1.8154711308866693e-18
4700.	-1.7026285711832313e-18
4750.	-1.5978845814844322e-18
4800.	-1.5005816761756663e-18
4850.	-1.4101218138405204e-18
4900.	-1.3259604854971672e-18
4950.	-1.2476014430928582e-18
5000.	-1.1745919933731714e-18
5500.	-6.630265514320906e-19
6000.	-3.933684714127908e-19
6500.	-2.4334751072888065e-19
7000.	-1.5599792331125925e-19
7500.	-1.0311918678137167e-19
8000.	-7.001113832349233e-20
8500.	-4.86623976015171e-20
9000.	-3.4534406944396313e-20
9500.	-2.4966946596363044e-20
10000.	-1.8352999799915513e-20
20000.	-2.8676562430209014e-22
30000.	-2.517558297281736e-23
40000.	-4.480712889605385e-24
50000.	-1.174591999623774e-24
60000.	-3.933684841872019e-25
70000.	-1.559979260302793e-25
80000.	-7.001113890878669e-26
90000.	-3.453440739156394e-26
100000.	-1.835300000997634e-26