4.5	0.06867626597312622
4.6	0.06240427665413029
4.7	0.05657163234362931
4.8	0.051158670763360635
4.9	0.04614572963506144
5.	0.04151314668046909
5.1	0.037241259621320806
5.2	0.03331040617935383
5.3	0.029700924076305493
5.4	0.026393151033912994
5.5	0.023367424773913674
5.6	0.020604083018044783
5.7	0.01808346348804354
5.8	0.01578590390564729
5.9	0.013691741992593244
6.	0.011781315470618716
6.1	0.01003496206146095
6.2	0.008433019486857209
6.3	0.006955928710917281
6.4	0.0055907584888273834
6.5	0.004335107831032114
6.6	0.003187512316168308
6.7	0.0021465075228727934
6.8	0.0012106290297824328
6.9	0.0003770034224233482
7.	-0.0003634122528224492
7.1	-0.0010213491170099254
7.2	-0.0016075383334624139
7.3	-0.002132675528614707
7.4	-0.002602960318481307
7.5	-0.0030157529160217047
7.6	-0.0033673827802064796
7.7	-0.003654403634036629
7.8	-0.0038794515423949652
7.9	-0.004051807542988347
8.	-0.0041810897399126076
8.1	-0.004276916237263583
8.2	-0.004348359320742543
8.3	-0.004399608117163795
8.4	-0.0044322801461339194
8.5	-0.004447969903533237
8.6	-0.004448271885242073
8.7	-0.0044347805871407485
8.8	-0.004409090505109584
8.9	-0.004372781938249299
9.	-0.0043271053127814365
9.1	-0.004272979311848637
9.2	-0.004211308047770226
9.3	-0.004142995632865529
9.4	-0.004068946179453874
9.5	-0.003990063799854591
9.6	-0.003907252606387005
9.7	-0.003821416711370442
9.8	-0.003733350254344452
9.9	-0.003643399582370768
10.	-0.0035517970836999695
10.1	-0.0034587751465592464
10.2	-0.003364566159175784
10.3	-0.00326940250977677
10.4	-0.003173516586589394
10.5	-0.0030771407778408437
10.6	-0.002980507471758306
10.7	-0.002883849056568969
10.8	-0.0027874255625890882
10.9	-0.0026916396274715283
11.	-0.002596939744332428
11.1	-0.0025037744280002484
11.2	-0.0024125921933034478
11.3	-0.002323841555070486
11.4	-0.002237971028129826
11.5	-0.0021554291273099247
11.6	-0.0020766642604717407
11.7	-0.0020019696903131948
11.8	-0.0019311733547218368
11.9	-0.0018640163179564607
12.	-0.0018002396442758561
12.1	-0.0017395843979388127
12.2	-0.0016817916432041206
12.3	-0.0016266024443305708
12.4	-0.0015737578655769546
12.5	-0.0015229989712020621
12.6	-0.0014740668256717532
12.7	-0.0014267383576701276
12.8	-0.001380926305462032
12.9	-0.0013365755487648263
13.	-0.0012936309672958697
13.1	-0.0012520374407725212
13.2	-0.0012117398489121395
13.3	-0.0011726830714320845
13.4	-0.0011348119880497157
13.5	-0.0010980714784823919
13.6	-0.0010624064224474725
13.7	-0.001027767039698948
13.8	-0.0009941291532593
13.9	-0.0009614762503772174
14.	-0.0009297918197102426
14.1	-0.0008990593499159181
14.2	-0.0008692623296517871
14.3	-0.0008403842475753916
14.4	-0.0008124085923442755
14.5	-0.0007853188526159815
14.6	-0.0007590985170480521
14.7	-0.00073373107429803
14.8	-0.000709200013023458
14.9	-0.0006854887662380446
15.	-0.0006625776177523971
15.1	-0.0006404420760249093
15.2	-0.0006190572508651291
15.3	-0.0005983982520826035
15.4	-0.0005784401894868807
15.5	-0.0005591581728875082
15.6	-0.0005405273120940333
15.7	-0.0005225227169160038
15.8	-0.0005051194971629668
15.9	-0.0004882927626444707
16.	-0.00047201762317006257
16.1	-0.00045626918854928993
16.2	-0.00044102256859170086
16.3	-0.0004262528731068422
16.4	-0.00041193694963704533
16.5	-0.00039806248665916324
16.6	-0.00038462134565616914
16.7	-0.0003716053968660347
16.8	-0.00035900651052672987
16.9	-0.0003468165568762268
17.	-0.0003350274061524956
17.1	-0.00032363092859350763
17.2	-0.00031261899443723457
17.3	-0.0003019834739216468
17.4	-0.0002917162372847159
17.5	-0.00028180915476441233
17.6	-0.00027225409659870753
17.7	-0.0002630429330255731
17.8	-0.0002541675342829791
17.9	-0.0002456197706088975
18.	-0.00023739151224129858
18.1	-0.00022947458149548313
18.2	-0.00022186049461407829
18.3	-0.00021454064745229562
18.4	-0.00020750643557709895
18.5	-0.00020074925455545106
18.6	-0.00019426049995431547
18.7	-0.00018803156734065556
18.8	-0.00018205385228143423
18.9	-0.0001763187503436151
19.	-0.00017081765709416107
19.1	-0.00016554196810003564
19.2	-0.00016048307892820214
19.3	-0.00015563238514562354
19.4	-0.00015098128231926346
19.5	-0.00014652116601608474
19.6	-0.0001422434318030509
19.7	-0.00013813947524712528
19.8	-0.0001342006919152708
19.9	-0.00013041847737445112
20.	-0.00012678422719162915
20.1	-0.00012328933693376833
20.2	-0.00011992520216783198
20.3	-0.00011668321846078311
20.4	-0.00011355478137958527
20.5	-0.00011053128649120144
20.6	-0.00010760412936259505
20.7	-0.00010476470556072938
20.8	-0.00010200441332557493
20.9	-0.00009931639067132962
21.	-0.00009669851122038552
21.1	-0.00009414944677702379
21.2	-0.00009166786914552563
21.3	-0.00008925245013017187
21.4	-0.00008690186153524382
21.5	-0.0000846147751650224
21.6	-0.00008238986282378873
21.7	-0.000080225796315824
21.8	-0.00007812124744540911
21.9	-0.00007607488801682532
22.	-0.00007408538983435355
22.1	-0.00007215142470227493
22.2	-0.00007027166442487064
22.3	-0.0000684447808064216
22.4	-0.00006666944565120903
22.5	-0.00006494433076351389
22.6	-0.00006326810794761732
22.7	-0.00006163944900780045
22.8	-0.00006005702574834425
22.9	-0.000058519509973529924
23.	-0.000057025573487638404
23.1	-0.000055573888094950856
23.2	-0.00005416312559974841
23.3	-0.000052791957806312036
23.4	-0.00005145905651892291
23.5	-0.000050163093541862015
23.6	-0.000048902740679410505
23.7	-0.000047676723080089594
23.8	-0.00004648418070367624
23.9	-0.00004532444779270168
24.	-0.000044196859700317664
24.1	-0.00004310075177967608
24.2	-0.000042035459383928785
24.3	-0.000041000317866227555
24.4	-0.00003999466257972432
24.5	-0.000039017828877570844
24.6	-0.000038069152112919
24.7	-0.00003714796763892066
24.8	-0.000036253610808727605
24.9	-0.000035385416975491733
25.	-0.00003454272149236483
25.1	-0.00003372485971249876
25.2	-0.00003293116698904541
25.3	-0.00003216097867515655
25.4	-0.00003141363012398407
25.5	-0.00003068845668867978
25.6	-0.00002998479372239553
25.7	-0.00002930197657828319
25.8	-0.000028639340609494553
25.9	-0.000027996221169181508
26.	-0.00002737195361049585
26.1	-0.000026765873286589447
26.2	-0.00002617731555061416
26.3	-0.000025605615755721784
26.4	-0.000025050109255064203
26.5	-0.000024510131401793222
26.6	-0.000023985017549060693
26.7	-0.000023474103050018486
26.8	-0.000022976723257818407
26.9	-0.000022492213525612326
27.	-0.000022019909206552047
27.1	-0.000021559145653789443
27.2	-0.00002110925822047635
27.3	-0.000020669582259764595
27.4	-0.000020239453124806042
27.5	-0.0000198182414698581
27.6	-0.0000194056428151359
27.7	-0.00001900152772491943
27.8	-0.000018605768458911327
27.9	-0.00001821823727681427
28.	-0.000017838806438330896
28.1	-0.00001746734820316388
28.2	-0.000017103734831015883
28.3	-0.000016747838581589542
28.4	-0.000016399531714587558
28.5	-0.000016058686489712547
28.6	-0.000015725175166667188
28.7	-0.00001539887000515415
28.8	-0.000015079643264876069
28.9	-0.000014767367205535633
29.	-0.00001446191408683547
29.1	-0.000014163156168478255
29.2	-0.000013870965710166656
29.3	-0.000013585214971603313
29.4	-0.000013305776212490907
29.5	-0.000013032521692532076
29.6	-0.000012765323671429486
29.7	-0.000012504054408885811
29.8	-0.00001224858616460369
29.9	-0.000011998791198285798
30.	-0.000011754541769634781
30.1	-0.000011515710138353302
30.2	-0.000011282168564144034
30.3	-0.000011053789306709618
30.4	-0.000010830444625752724
30.5	-0.000010612006780976003
30.6	-0.000010398348032082118
30.7	-0.000010189340638773743
30.8	-9.984856860753508e-6
30.9	-9.7847689577241e-6
31.	-9.588949189388157e-6
31.1	-9.39726981544835e-6
31.2	-9.20960309560734e-6
31.3	-9.025821289567778e-6
31.4	-8.845796657032334e-6
31.5	-8.669406624566308e-6
31.6	-8.496576167891238e-6
31.7	-8.327255883134197e-6
31.8	-8.161396614573576e-6
31.9	-7.998949206487786e-6
32.	-7.839864503155215e-6
32.1	-7.684093348854267e-6
32.2	-7.5315865878633415e-6
32.3	-7.382295064460849e-6
32.4	-7.236169622925165e-6
32.5	-7.093161107534704e-6
32.6	-6.953220362567865e-6
32.7	-6.816298232303046e-6
32.8	-6.682345561018653e-6
32.9	-6.55131319299307e-6
33.	-6.423151972504704e-6
33.1	-6.297812743831954e-6
33.2	-6.175246351253222e-6
33.3	-6.055403639046913e-6
33.4	-5.938235451491411e-6
33.5	-5.823692632865124e-6
33.6	-5.71172602744645e-6
33.7	-5.602286479513789e-6
33.8	-5.495324833345549e-6
33.9	-5.390791933220112e-6
34.	-5.288638623415887e-6
34.1	-5.188815748211273e-6
34.2	-5.091274151884668e-6
34.3	-4.995964678714478e-6
34.4	-4.902838172979091e-6
34.5	-4.811845478956912e-6
34.6	-4.722937440926339e-6
34.7	-4.636064903165774e-6
34.8	-4.5511787099536205e-6
34.9	-4.468229705568266e-6
35.	-4.387168734288115e-6
35.1	-4.307946640391571e-6
35.2	-4.230514268157027e-6
35.3	-4.154822461862894e-6
35.4	-4.080822065787556e-6
35.5	-4.00846392420942e-6
35.6	-3.937700424256847e-6
35.7	-3.8684959931874895e-6
35.8	-3.800820714640156e-6
35.9	-3.7346447050040933e-6
36.	-3.6699380806685625e-6
36.1	-3.6066709580228216e-6
36.2	-3.544813453456128e-6
36.3	-3.4843356833577416e-6
36.4	-3.4252077641169105e-6
36.5	-3.3673998121228963e-6
36.6	-3.3108819437649556e-6
36.7	-3.2556242754323462e-6
36.8	-3.201596923514326e-6
36.9	-3.1487700044001467e-6
37.	-3.0971136344790696e-6
37.1	-3.0465979301403484e-6
37.2	-2.9971930077732416e-6
37.3	-2.948868983767009e-6
37.4	-2.901595974510902e-6
37.5	-2.855344096394179e-6
37.6	-2.8100834658060984e-6
37.7	-2.765784199135916e-6
37.8	-2.722416412772892e-6
37.9	-2.6799502231062744e-6
38.	-2.638355746525328e-6
38.1	-2.597603099419307e-6
38.2	-2.5576623981774672e-6
38.3	-2.5185037591890695e-6
38.4	-2.4800972988433652e-6
38.5	-2.4424131335296143e-6
38.6	-2.4054213796370717e-6
38.7	-2.369092153554996e-6
38.8	-2.3333955716726455e-6
38.9	-2.2983017503792724e-6
39.	-2.2637808060641364e-6
39.1	-2.2298037977368093e-6
39.2	-2.1963548909719016e-6
39.3	-2.1634278536416034e-6
39.4	-2.1310166740508293e-6
39.5	-2.099115340504505e-6
39.6	-2.0677178413075487e-6
39.7	-2.036818164764883e-6
39.8	-2.00641029918143e-6
39.9	-1.976488232862107e-6
40.	-1.9470459541118365e-6
40.1	-1.918077451235539e-6
40.2	-1.8895767125381356e-6
40.3	-1.8615377263245493e-6
40.4	-1.8339544808996966e-6
40.5	-1.8068209645685008e-6
40.6	-1.7801311656358822e-6
40.7	-1.7538790724067621e-6
40.8	-1.7280586731860628e-6
40.9	-1.7026639562787017e-6
41.	-1.6776889099896008e-6
41.1	-1.653127522623682e-6
41.2	-1.628973782485865e-6
41.3	-1.6052216778810732e-6
41.4	-1.5818651971142234e-6
41.5	-1.5588983284902388e-6
41.6	-1.5363150603140396e-6
41.7	-1.514109380890547e-6
41.8	-1.4922752785246833e-6
41.9	-1.4708067415213659e-6
42.	-1.4496977581855174e-6
42.1	-1.4289423236285299e-6
42.2	-1.4085347860867975e-6
42.3	-1.388470011528828e-6
42.4	-1.3687429071695089e-6
42.5	-1.3493483802237295e-6
42.6	-1.3302813379063805e-6
42.7	-1.3115366874323502e-6
42.8	-1.2931093360165296e-6
42.9	-1.2749941908738053e-6
43.	-1.257186159219068e-6
43.1	-1.2396801482672069e-6
43.2	-1.2224710652331108e-6
43.3	-1.2055538173316712e-6
43.4	-1.1889233117777744e-6
43.5	-1.172574455786311e-6
43.6	-1.1565021565721702e-6
43.7	-1.1407013213502413e-6
43.8	-1.125166857335415e-6
43.9	-1.109893671742578e-6
44.	-1.094876671786621e-6
44.1	-1.0801107646824332e-6
44.2	-1.0655908576449036e-6
44.3	-1.051311857888923e-6
44.4	-1.0372686726293782e-6
44.5	-1.02345620908116e-6
44.6	-1.0098693744591572e-6
44.7	-9.965030759782597e-7
44.8	-9.833522208533572e-7
44.9	-9.70411716299337e-7
45.	-9.5767646953109e-7
45.1	-9.451413877635049e-7
45.2	-9.328013782114711e-7
45.3	-9.206513480898789e-7
45.4	-9.086862046136163e-7
45.5	-8.969008549975725e-7
45.6	-8.852902064566374e-7
45.7	-8.738491662057003e-7
45.8	-8.625726414596511e-7
45.9	-8.514555441612861e-7
46.	-8.404937481724726e-7
46.1	-8.296852540159854e-7
46.2	-8.190283469665179e-7
46.3	-8.08521312298764e-7
46.4	-7.98162435287415e-7
46.5	-7.87950001207165e-7
46.6	-7.778822953327071e-7
46.7	-7.679576029387343e-7
46.8	-7.581742092999403e-7
46.9	-7.485303996910172e-7
47.	-7.390244593866584e-7
47.1	-7.296546736615574e-7
47.2	-7.204193277904068e-7
47.3	-7.113167070479008e-7
47.4	-7.02345096708731e-7
47.5	-6.935027820475912e-7
47.6	-6.847880483391744e-7
47.7	-6.761991808581739e-7
47.8	-6.677344648792833e-7
47.9	-6.593921856771946e-7
48.	-6.511706285266015e-7
48.1	-6.430680787021968e-7
48.2	-6.35082821478674e-7
48.3	-6.272131421307266e-7
48.4	-6.194573259330465e-7
48.5	-6.118136581603276e-7
48.6	-6.042804240872628e-7
48.7	-5.968559089885453e-7
48.8	-5.895383981388687e-7
48.9	-5.823261768129249e-7
49.	-5.752175302854078e-7
49.1	-5.682107438310105e-7
49.2	-5.613041027244259e-7
49.3	-5.544958922403478e-7
49.4	-5.477843976534683e-7
49.5	-5.411679042384808e-7
49.6	-5.346446972700785e-7
49.7	-5.282130620229546e-7
49.8	-5.218712837718025e-7
49.9	-5.156176477913146e-7
50.	-5.094504393561844e-7
50.1	-5.033679437411049e-7
50.2	-4.973684462207692e-7
50.3	-4.91450232069871e-7
50.4	-4.856115865631024e-7
50.5	-4.798509255459098e-7
50.6	-4.7416724404891067e-7
50.7	-4.6855969764100454e-7
50.8	-4.630274418970202e-7
50.9	-4.575696323917855e-7
51.	-4.521854247001291e-7
51.1	-4.468739743968796e-7
51.2	-4.4163443705686563e-7
51.3	-4.364659682549156e-7
51.4	-4.313677235658577e-7
51.5	-4.263388585645204e-7
51.6	-4.2137852882573244e-7
51.7	-4.1648588992432233e-7
51.8	-4.116600974351185e-7
51.9	-4.0690030693294906e-7
52.	-4.0220567399264275e-7
52.1	-3.975753541890281e-7
52.2	-3.9300850309693336e-7
52.3	-3.885042762911876e-7
52.4	-3.840618293466185e-7
52.5	-3.7968031783805483e-7
52.6	-3.7535889734032515e-7
52.7	-3.7109672342825796e-7
52.8	-3.668929516766819e-7
52.9	-3.627467376604248e-7
53.	-3.5865723695431564e-7
53.1	-3.5462360513318284e-7
53.2	-3.5064499777185463e-7
53.3	-3.467205704451601e-7
53.4	-3.428494787279269e-7
53.5	-3.3903087819498396e-7
53.6	-3.3526392442115965e-7
53.7	-3.3154777298128247e-7
53.8	-3.2788157945018113e-7
53.9	-3.2426449940268363e-7
54.	-3.2069568841361866e-7
54.1	-3.1717430205781467e-7
54.2	-3.136994959101002e-7
54.3	-3.10270425545304e-7
54.4	-3.068862465382538e-7
54.5	-3.0354611446377857e-7
54.6	-3.0024918489670673e-7
54.7	-2.9699461341186677e-7
54.8	-2.937815555840873e-7
54.9	-2.9060916698819636e-7
55.	-2.874766031990227e-7
55.1	-2.843830197913947e-7
55.2	-2.81327572340141e-7
55.3	-2.7830941642009013e-7
55.4	-2.7532770760607014e-7
55.5	-2.723816014729098e-7
55.6	-2.6947025410684935e-7
55.7	-2.665929643468018e-7
55.8	-2.637493683163588e-7
55.9	-2.609391508367682e-7
56.	-2.5816199672927876e-7
56.1	-2.554175908151388e-7
56.2	-2.527056179155968e-7
56.3	-2.500257628519013e-7
56.4	-2.4737771044530056e-7
56.5	-2.4476114551704294e-7
56.6	-2.42175752888377e-7
56.7	-2.396212173805511e-7
56.8	-2.3709722381481392e-7
56.9	-2.3460345701241347e-7
57.	-2.321396017945983e-7
57.1	-2.2970534298261685e-7
57.2	-2.273003653977177e-7
57.3	-2.249243538611493e-7
57.4	-2.225769931941598e-7
57.5	-2.2025796821799762e-7
57.6	-2.1796696375391148e-7
57.7	-2.1570366462314952e-7
57.8	-2.1346775564696054e-7
57.9	-2.112589216465925e-7
58.	-2.0907684744329402e-7
58.1	-2.0692121785831362e-7
58.2	-2.0479171771289957e-7
58.3	-2.0268803182830055e-7
58.4	-2.006098450257646e-7
58.5	-1.985568421265404e-7
58.6	-1.965287079518763e-7
58.7	-1.945251273230208e-7
58.8	-1.9254578506122232e-7
58.9	-1.9059036598772908e-7
59.	-1.886585549237897e-7
59.1	-1.8675003669065253e-7
59.2	-1.8486449610956607e-7
59.3	-1.8300161800177877e-7
59.4	-1.8116108718853885e-7
59.5	-1.7934258849109486e-7
59.6	-1.7754580673069523e-7
59.7	-1.757704267285884e-7
59.8	-1.7401613330602286e-7
59.9	-1.7228261128424681e-7
60.	-1.7056954548450887e-7
60.1	-1.6887662072805738e-7
60.2	-1.6720352183614074e-7
60.3	-1.6554993363000761e-7
60.4	-1.63915540930906e-7
60.5	-1.6230002856008467e-7
60.6	-1.6070308133879183e-7
60.7	-1.5912438408827603e-7
60.8	-1.5756362162978588e-7
60.9	-1.5602047878456938e-7
61.	-1.544946403738752e-7
61.1	-1.5298579121895172e-7
61.2	-1.5149361614104735e-7
61.3	-1.5001779996141064e-7
61.4	-1.4855802794639668e-7
61.5	-1.4711404107619992e-7
61.6	-1.4568568954842936e-7
61.7	-1.442728362515988e-7
61.8	-1.428753440742223e-7
61.9	-1.4149307590481363e-7
62.	-1.4012589463188674e-7
62.1	-1.3877366314395552e-7
62.2	-1.374362443295339e-7
62.3	-1.3611350107713584e-7
62.4	-1.348052962752751e-7
62.5	-1.335114928124657e-7
62.6	-1.322319535772215e-7
62.7	-1.3096654145805648e-7
62.8	-1.2971511934348451e-7
62.9	-1.284775501220194e-7
63.	-1.2725369668217515e-7
63.1	-1.2604342191246564e-7
63.2	-1.2484658870140482e-7
63.3	-1.2366305993750664e-7
63.4	-1.224926985092848e-7
63.5	-1.2133536730525334e-7
63.6	-1.2019092921392622e-7
63.7	-1.1905924712381724e-7
63.8	-1.1794018392344047e-7
63.9	-1.1683360250130957e-7
64.	-1.1573936574593861e-7
64.1	-1.1465733654584158e-7
64.2	-1.1358737778953204e-7
64.3	-1.1252935236552434e-7
64.4	-1.1148312316233201e-7
64.5	-1.1044855306846923e-7
64.6	-1.0942550497244982e-7
64.7	-1.0841384176278753e-7
64.8	-1.0741342632799654e-7
64.9	-1.0642412155659046e-7
65.	-1.054457903370835e-7
65.1	-1.0447829555798943e-7
65.2	-1.0352150010782197e-7
65.3	-1.0257526687509535e-7
65.4	-1.0163945874832322e-7
65.5	-1.007139386160197e-7
65.6	-9.97985693666986e-8
65.7	-9.889321388887368e-8
65.8	-9.79977350710591e-8
65.9	-9.711199580176852e-8
66.	-9.623585896951615e-8
66.1	-9.536918746281565e-8
66.2	-9.451184417018093e-8
66.3	-9.366369198012607e-8
66.4	-9.282459378116475e-8
66.5	-9.199441246181112e-8
66.6	-9.117301091057896e-8
66.7	-9.036025201598204e-8
66.8	-8.955599866653457e-8
66.9	-8.876011375075014e-8
67.	-8.797246015714296e-8
67.1	-8.719290077422673e-8
67.2	-8.642129849051534e-8
67.3	-8.565751619452288e-8
67.4	-8.4901416774763e-8
67.5	-8.415286311974988e-8
67.6	-8.341171811799732e-8
67.7	-8.267784465801904e-8
67.8	-8.195110717516442e-8
67.9	-8.123140874899282e-8
68.	-8.051869288809776e-8
68.1	-7.98129050051002e-8
68.2	-7.911399051262116e-8
68.3	-7.842189482328197e-8
68.4	-7.77365633497035e-8
68.5	-7.705794150450709e-8
68.6	-7.638597470031374e-8
68.7	-7.572060834974447e-8
68.8	-7.506178786542056e-8
68.9	-7.440945865996298e-8
69.	-7.376356614599297e-8
69.1	-7.312405573613156e-8
69.2	-7.24908728429998e-8
69.3	-7.186396287921894e-8
69.4	-7.124327125740993e-8
69.5	-7.062874339019404e-8
69.6	-7.002032469019234e-8
69.7	-6.94179605700258e-8
69.8	-6.882159644231573e-8
69.9	-6.823117771968304e-8
70.	-6.764664981474904e-8
70.1	-6.706795814013474e-8
70.2	-6.649504810846117e-8
70.3	-6.59278651323496e-8
70.4	-6.5366354624421e-8
70.5	-6.481046199729659e-8
70.6	-6.426013266359745e-8
70.7	-6.371531203594458e-8
70.8	-6.317594552695928e-8
70.9	-6.264197854926246e-8
71.	-6.211335651547542e-8
71.1	-6.159002483821914e-8
71.2	-6.107192893011473e-8
71.3	-6.05590142037834e-8
71.4	-6.005122607184611e-8
71.5	-5.954850994692415e-8
71.6	-5.9050811241638515e-8
71.7	-5.855807536861027e-8
71.8	-5.807024774046067e-8
71.9	-5.7587273769810657e-8
72.	-5.7109098869281495e-8
72.1	-5.663566845149423e-8
72.2	-5.6166927929069904e-8
72.3	-5.5702822714629755e-8
72.4	-5.5243298220794744e-8
72.5	-5.478829986018613e-8
72.6	-5.4337773045424964e-8
72.7	-5.389166318913228e-8
72.8	-5.344991570392932e-8
72.9	-5.3012476002437064e-8
73.	-5.257928949727674e-8
73.1	-5.215030160106941e-8
73.2	-5.1725457726436114e-8
73.3	-5.1304703285998064e-8
73.4	-5.08879836923763e-8
73.5	-5.0475244358191994e-8
73.6	-5.006643069606623e-8
73.7	-4.966148811862004e-8
73.8	-4.9260362038474674e-8
73.9	-4.88629978682511e-8
74.	-4.846934102057057e-8
74.1	-4.80793369080541e-8
74.2	-4.769293094332278e-8
74.3	-4.731006853899781e-8
74.4	-4.6930695107700184e-8
74.5	-4.655475606205114e-8
74.6	-4.6182196814671715e-8
74.7	-4.581296279460454e-8
74.8	-4.544700718493453e-8
74.9	-4.50843032826064e-8
75.	-4.472482760345651e-8
75.1	-4.436855666332106e-8
75.2	-4.401546697803624e-8
75.3	-4.366553506343837e-8
75.4	-4.3318737435363624e-8
75.5	-4.297505060964832e-8
75.6	-4.2634451102128646e-8
75.7	-4.2296915428640825e-8
75.8	-4.1962420105021164e-8
75.9	-4.1630941647105824e-8
76.	-4.1302456570731145e-8
76.1	-4.097694139173329e-8
76.2	-4.06543726259485e-8
76.3	-4.033472678921308e-8
76.4	-4.001798039736319e-8
76.5	-3.970410996623514e-8
76.6	-3.939309201166516e-8
76.7	-3.9084903049489436e-8
76.8	-3.877951959554429e-8
76.9	-3.847691816566588e-8
77.	-3.8177075275690536e-8
77.1	-3.7879967441454446e-8
77.2	-3.758557117879382e-8
77.3	-3.7293863003544974e-8
77.4	-3.700481943154409e-8
77.5	-3.6718416978627455e-8
77.6	-3.6434632160631305e-8
77.7	-3.615344149339182e-8
77.8	-3.587482149274532e-8
77.9	-3.559874867452799e-8
78.	-3.5325199554576116e-8
78.1	-3.505415064872592e-8
78.2	-3.4785578472813615e-8
78.3	-3.45194595426755e-8
78.4	-3.4255770374147746e-8
78.5	-3.3994487483066675e-8
78.6	-3.373558738526848e-8
78.7	-3.347904659658938e-8
78.8	-3.322484163286568e-8
78.9	-3.297294900993356e-8
79.	-3.272334524362932e-8
79.1	-3.2476006849789154e-8
79.2	-3.223091034424931e-8
79.3	-3.198803224284605e-8
79.4	-3.174734906141559e-8
79.5	-3.150883731579422e-8
79.6	-3.1272473521818133e-8
79.7	-3.1038234195323566e-8
79.8	-3.08060958521468e-8
79.9	-3.0576035008124035e-8
80.	-3.034802817909155e-8
80.1	-3.0122051880885575e-8
80.2	-2.9898082629342324e-8
80.3	-2.967609694029809e-8
80.4	-2.945607132958905e-8
80.5	-2.9237982313051503e-8
80.6	-2.9021806406521685e-8
80.7	-2.8807520125835775e-8
80.8	-2.8595099986830098e-8
80.9	-2.8384522505340818e-8
81.	-2.8175764197204257e-8
81.1	-2.7968801578256608e-8
81.2	-2.7763611164334094e-8
81.3	-2.7560169471273003e-8
81.4	-2.735845301490953e-8
81.5	-2.7158438311079968e-8
81.6	-2.696010187562054e-8
81.7	-2.6763420224367448e-8
81.8	-2.6568369873156994e-8
81.9	-2.6374927337825356e-8
82.	-2.6183069134208846e-8
82.1	-2.599277177814366e-8
82.2	-2.580401200085799e-8
82.3	-2.5616772652307045e-8
82.4	-2.5431043428051146e-8
82.5	-2.52468143849928e-8
82.6	-2.5064075580034434e-8
82.7	-2.4882817070078467e-8
82.8	-2.4703028912027395e-8
82.9	-2.4524701162783632e-8
83.	-2.4347823879249674e-8
83.1	-2.417238711832794e-8
83.2	-2.3998380936920867e-8
83.3	-2.3825795391930948e-8
83.4	-2.3654620540260587e-8
83.5	-2.3484846438812283e-8
83.6	-2.3316463144488462e-8
83.7	-2.3149460714191555e-8
83.8	-2.2983829204824062e-8
83.9	-2.2819558673288378e-8
84.	-2.2656639176487004e-8
84.1	-2.249506077132237e-8
84.2	-2.2334813514696895e-8
84.3	-2.217588746351309e-8
84.4	-2.2018272674673356e-8
84.5	-2.1861959205080187e-8
84.6	-2.1706937111635998e-8
84.7	-2.1553196451243244e-8
84.8	-2.1400727280804405e-8
84.9	-2.124951965722189e-8
85.	-2.1099563637398192e-8
85.1	-2.0950849278235737e-8
85.2	-2.0803366636636963e-8
85.3	-2.0657105769504357e-8
85.4	-2.051205673374034e-8
85.5	-2.036820958624738e-8
85.6	-2.0225554383927926e-8
85.7	-2.0084081183684407e-8
85.8	-1.9943780042419313e-8
85.9	-1.980464101703505e-8
86.	-1.9666654164434115e-8
86.1	-1.952980954151893e-8
86.2	-1.9394097205191944e-8
86.3	-1.9259507212355623e-8
86.4	-1.91260296199124e-8
86.5	-1.899365448476475e-8
86.6	-1.886237186381511e-8
86.7	-1.8732171813965923e-8
86.8	-1.860304439211966e-8
86.9	-1.847497965517874e-8
87.	-1.8347967660045656e-8
87.1	-1.8221998463622834e-8
87.2	-1.8097062122812713e-8
87.3	-1.7973148694517772e-8
87.4	-1.7850248235640434e-8
87.5	-1.7728350803083178e-8
87.6	-1.7607446453748446e-8
87.7	-1.7487525244538665e-8
87.8	-1.7368577232356324e-8
87.9	-1.7250592474103835e-8
88.	-1.7133561026683687e-8
88.1	-1.7017472946998314e-8
88.2	-1.690231829195015e-8
88.3	-1.6788087118441678e-8
88.4	-1.6674769483375307e-8
88.5	-1.6562355443653547e-8
88.6	-1.64508350561788e-8
88.7	-1.6340198377853523e-8
88.8	-1.6230435465580186e-8
88.9	-1.6121536376261225e-8
89.	-1.60134911667991e-8
89.1	-1.590628989409626e-8
89.2	-1.579992261505514e-8
89.3	-1.5694379386578227e-8
89.4	-1.558965026556792e-8
89.5	-1.5485725308926725e-8
89.6	-1.538259457355706e-8
89.7	-1.528024811636137e-8
89.8	-1.5178675994242134e-8
89.9	-1.5077868264101778e-8
90.	-1.497781498284277e-8
90.1	-1.4878506207367554e-8
90.2	-1.4779932193798583e-8
90.3	-1.4682086177498194e-8
90.4	-1.4584963686393499e-8
90.5	-1.4488560307334743e-8
90.6	-1.4392871627172138e-8
90.7	-1.4297893232755888e-8
90.8	-1.4203620710936243e-8
90.9	-1.4110049648563391e-8
91.	-1.4017175632487593e-8
91.1	-1.3924994249559041e-8
91.2	-1.3833501086627952e-8
91.3	-1.3742691730544573e-8
91.4	-1.3652561768159096e-8
91.5	-1.3563106786321771e-8
91.6	-1.3474322371882798e-8
91.7	-1.3386204111692399e-8
91.8	-1.3298747592600808e-8
91.9	-1.3211948401458228e-8
92.	-1.3125802125114903e-8
92.1	-1.3040304350421036e-8
92.2	-1.2955450664226848e-8
92.3	-1.2871236653382572e-8
92.4	-1.2787657904738412e-8
92.5	-1.2704710005144607e-8
92.6	-1.262238854145137e-8
92.7	-1.2540689100508916e-8
92.8	-1.2459607269167477e-8
92.9	-1.2379138634277262e-8
93.	-1.2299278782688509e-8
93.1	-1.2220023301251427e-8
93.2	-1.2141367776816226e-8
93.3	-1.2063307796233151e-8
93.4	-1.1985838946352408e-8
93.5	-1.1908956814024222e-8
93.6	-1.1832656986098817e-8
93.7	-1.17569350494264e-8
93.8	-1.1681786590857212e-8
93.9	-1.1607207197241458e-8
94.	-1.1533192455429371e-8
94.1	-1.1459737952271168e-8
94.2	-1.138683927461706e-8
94.3	-1.1314492009317284e-8
94.4	-1.1242691743222041e-8
94.5	-1.1171434063181576e-8
94.6	-1.11007145560461e-8
94.7	-1.1030528808665822e-8
94.8	-1.0960872407890979e-8
94.9	-1.089174094057178e-8
95.	-1.082312999355846e-8
95.1	-1.0755035153701233e-8
95.2	-1.0687452007850308e-8
95.3	-1.0620376142855927e-8
95.4	-1.0553803145568286e-8
95.5	-1.0487728602837637e-8
95.6	-1.0422148101514184e-8
95.7	-1.0357057228448136e-8
95.8	-1.029245157048974e-8
95.9	-1.022832671448919e-8
96.	-1.0164678247296732e-8
96.1	-1.0101501755762576e-8
96.2	-1.0038792826736934e-8
96.3	-9.976547047070043e-9
96.4	-9.914760003612107e-9
96.5	-9.853427283213367e-9
96.6	-9.792544472724033e-9
96.7	-9.732107158994316e-9
96.8	-9.672110928874458e-9
96.9	-9.612551369214658e-9
97.	-9.553424066865157e-9
97.1	-9.49472460867617e-9
97.2	-9.436448581497907e-9
97.3	-9.378591572180604e-9
97.4	-9.321149167574466e-9
97.5	-9.264116954529732e-9
97.6	-9.20749051989661e-9
97.7	-9.151265450525322e-9
97.8	-9.095437333266097e-9
97.9	-9.040001754969145e-9
98.	-8.984954302484701e-9
98.1	-8.930290562662974e-9
98.2	-8.876006122354187e-9
98.3	-8.822096568408567e-9
98.4	-8.768557487676324e-9
98.5	-8.715384467007692e-9
98.6	-8.662573093252885e-9
98.7	-8.610119117081877e-9
98.8	-8.558019765930324e-9
98.9	-8.506273049752023e-9
99.	-8.454876985658666e-9
99.1	-8.403829590761923e-9
99.2	-8.35312888217346e-9
99.3	-8.302772877004968e-9
99.4	-8.252759592368105e-9
99.5	-8.203087045374561e-9
99.6	-8.153753253136007e-9
99.7	-8.104756232764108e-9
99.8	-8.056094001370557e-9
99.9	-8.007764576067009e-9
100.	-7.959765973965158e-9
105.	-5.937813619045512e-9
110.	-4.492551406440552e-9
115.	-3.4404783152672535e-9
120.	-2.6653380118256305e-9
125.	-2.08626234429211e-9
130.	-1.6488676669880611e-9
135.	-1.3146957056651715e-9
140.	-1.0570593450963431e-9
145.	-8.562719143228216e-10
150.	-6.987856389899797e-10
155.	-5.738850227584549e-10
160.	-4.744454593242403e-10
165.	-3.943883543492251e-10
170.	-3.297578877232165e-10
175.	-2.7709665619824974e-10
180.	-2.3400144631233455e-10
185.	-1.9854793358678517e-10
190.	-1.6916890499511713e-10
195.	-1.4477407302279573e-10
200.	-1.243616733103825e-10
205.	-1.0723585477494286e-10
210.	-9.280781298031766e-11
215.	-8.057977924611775e-11
220.	-7.020242163027105e-11
225.	-6.134679594301439e-11
230.	-5.376442889903373e-11
235.	-4.726000682755058e-11
240.	-4.164964481654765e-11
245.	-3.6802271818670576e-11
250.	-3.260341917965741e-11
255.	-2.894911488731222e-11
260.	-2.576548716581258e-11
265.	-2.298407981991929e-11
270.	-2.0544459846099057e-11
275.	-1.8402912081804314e-11
280.	-1.65178585994123e-11
285.	-1.4852878579850232e-11
290.	-1.3381242562087496e-11
295.	-1.2077308943723658e-11
300.	-1.0918314242143234e-11
305.	-9.887476876711883e-12
310.	-8.96876215752882e-12
315.	-8.14749084201024e-12
320.	-7.412831544259271e-12
325.	-6.754631032087227e-12
330.	-6.1632302215678426e-12
335.	-5.631384201262099e-12
340.	-5.1525841851511155e-12
345.	-4.7204413253542744e-12
350.	-4.329894456272421e-12
355.	-3.976709306762082e-12
360.	-3.6566749818524054e-12
365.	-3.366139895113893e-12
370.	-3.1022698620876087e-12
375.	-2.8622955264684765e-12
380.	-2.6435855620230063e-12
385.	-2.4441293685054868e-12
390.	-2.2620907576192678e-12
395.	-2.095645974337188e-12
400.	-1.9432607116604278e-12
405.	-1.8036921784783668e-12
410.	-1.6757104212976656e-12
415.	-1.558145085280211e-12
420.	-1.4500906682540577e-12
425.	-1.3507152137204482e-12
430.	-1.2591889013339424e-12
435.	-1.1747851764590746e-12
440.	-1.096924745397642e-12
445.	-1.0250395956928195e-12
450.	-9.585716923481678e-13
455.	-8.970670614417194e-13
460.	-8.401336041561799e-13
465.	-7.873800403874135e-13
470.	-7.38432855991052e-13
475.	-6.929979976459173e-13
480.	-6.508036187469752e-13
485.	-6.115779318543108e-13
490.	-5.750702330713786e-13
495.	-5.410821310607862e-13
500.	-5.094232092918656e-13
550.	-2.8755548476050793e-13
600.	-1.706049189154647e-13
650.	-1.0554112400492398e-13
700.	-6.765674713708635e-14
750.	-4.472306637563664e-14
800.	-3.036408523587747e-14
850.	-2.1105097581449548e-14
900.	-1.4977737397098156e-14
950.	-1.0828284450098425e-14
1000.	-7.959780828714668e-15
1050.	-5.939708188373904e-15
1100.	-4.493086774406375e-15
1150.	-3.4412347817152093e-15
1200.	-2.6657200060706655e-15
1250.	-2.0866129863821802e-15
1300.	-1.6490782996990059e-15
1350.	-1.314918889262656e-15
1400.	-1.0571434982582454e-15
1450.	-8.564334542716201e-16
1500.	-6.988020605002478e-16
1550.	-5.740000375097324e-16
1600.	-4.744404872762006e-16
1650.	-3.9445588930764415e-16
1700.	-3.297677965229082e-16
1750.	-2.771237379670252e-16
1800.	-2.3402746939426496e-16
1850.	-1.9855080292129456e-16
1900.	-1.6919217829851932e-16
1950.	-1.4477527928100815e-16
2000.	-1.2437179334453924e-16
2050.	-1.0724547691356446e-16
2100.	-9.280815100238738e-17
2150.	-8.058817884914998e-17
2200.	-7.020465775456816e-17
2250.	-6.134891024433794e-17
2300.	-5.376939360539374e-17
2350.	-4.7260117777720774e-17
2400.	-4.1651877084299223e-17
2450.	-3.680489979023023e-17
2500.	-3.260332875112579e-17
2550.	-2.895082546909946e-17
2600.	-2.5766893832466378e-17
2650.	-2.2984063003094133e-17
2700.	-2.05456283712567e-17
2750.	-1.8403734458077087e-17
2800.	-1.6517866154015895e-17
2850.	-1.4853639521627596e-17
2900.	-1.3381785262564752e-17
2950.	-1.2077304966609637e-17
3000.	-1.0918792533570989e-17
3050.	-9.887876580197596e-18
3100.	-8.9687493169638e-18
3150.	-8.147770151496661e-18
3200.	-7.41314132542679e-18
3250.	-6.754636340089762e-18
3300.	-6.163372980963733e-18
3350.	-5.631618463515735e-18
3400.	-5.152625531972567e-18
3450.	-4.720495128081206e-18
3500.	-4.330059742862284e-18
3550.	-3.976784199059211e-18
3600.	-3.656681272700616e-18
3650.	-3.3662386557888086e-18
3700.	-3.1023567741997023e-18
3750.	-2.862295654864504e-18
3800.	-2.643629202075968e-18
3850.	-2.4442057748056183e-18
3900.	-2.2621141334289332e-18
3950.	-2.0956539826336163e-18
4000.	-1.9433104634343066e-18
4050.	-1.8037318875192807e-18
4100.	-1.6757104220795848e-18
4150.	-1.558165285672835e-18
4200.	-1.45012807590855e-18
4250.	-1.3507299379419805e-18
4300.	-1.2591903251786701e-18
4350.	-1.1748071394266165e-18
4400.	-1.096948068096722e-18
4450.	-1.0250429618235585e-18
4500.	-9.585771177883567e-19
4550.	-8.97085352683896e-19
4600.	-8.401467651752398e-19
4650.	-7.873801013064777e-19
4700.	-7.384396479379722e-19
4750.	-6.93011589269969e-19
4800.	-6.50810770067884e-19
4850.	-6.115778165635141e-19
4900.	-5.750765723455044e-19
4950.	-5.410918119978719e-19
5000.	-5.094272000057642e-19
5500.	-2.875583653377116e-19
6000.	-1.706061346125396e-19
6500.	-1.0554119359945458e-19
7000.	-6.765718289937735e-20
7500.	-4.4723374850356546e-20
8000.	-3.036422715817567e-20
8500.	-2.1105157395654408e-20
9000.	-1.4977767842969772e-20
9500.	-1.0828306094074334e-20
10000.	-7.95979989865353e-21
20000.	-1.243718747288648e-22
30000.	-1.091879286045108e-23
40000.	-1.9433105463383087e-24
50000.	-5.094271998380465e-25
60000.	-1.7060613852692467e-25
70000.	-6.765718365529657e-26
80000.	-3.0364227291825195e-26
90000.	-1.4977767991891525e-26
100000.	-7.959800004555773e-27