4.5	0.03774578906063758
4.6	0.029818028436750136
4.7	0.022826619701994896
4.8	0.016686805322183126
4.9	0.011313827763125821
5.	0.006622929490634198
5.1	0.0025293529705193293
5.2	-0.001051659331407702
5.3	-0.004204860290556402
5.4	-0.007006125739870726
5.5	-0.009503983204457531
5.6	-0.01174171047430849
5.7	-0.013761376605332339
5.8	-0.015588525790236056
5.9	-0.017236735423442374
6.	-0.018719123731760046
6.1	-0.020043796247506466
6.2	-0.02121348878604327
6.3	-0.022230743890797156
6.4	-0.023102413381243678
6.5	-0.02384208663028126
6.6	-0.024463928429765143
6.7	-0.02497906990021918
6.8	-0.025391492603670195
6.9	-0.02570422421398879
7.	-0.025924433420196114
7.1	-0.02606549505279602
7.2	-0.026141000356318805
7.3	-0.026157960142581933
7.4	-0.026116896277022593
7.5	-0.026017965410116736
7.6	-0.02586094784222763
7.7	-0.025645686172667655
7.8	-0.025376375981219418
7.9	-0.0250619684893771
8.	-0.024711409180134196
8.1	-0.024330372759283896
8.2	-0.023922216979720305
8.3	-0.023490250527258155
8.4	-0.02303730438423793
8.5	-0.022564352590209315
8.6	-0.02207191803921068
8.7	-0.02156052362528038
8.8	-0.021030721464314762
8.9	-0.020483958168209738
9.	-0.019922719221352705
9.1	-0.019349548408102296
9.2	-0.018766989512817134
9.3	-0.018177619149273103
9.4	-0.01758420513749048
9.5	-0.01698958433412194
9.6	-0.016396593689299986
9.7	-0.01580806867333898
9.8	-0.015226201382853986
9.9	-0.014651537238012649
10.	-0.014084361948450991
10.1	-0.013524961223805034
10.2	-0.012973629859468167
10.3	-0.012430965044215012
10.4	-0.01189792968340733
10.5	-0.011375508576494223
10.6	-0.010864686522924797
10.7	-0.010366420636443436
10.8	-0.00988138510743574
10.9	-0.009410088523967903
11.	-0.008953037383842647
11.1	-0.008510738184862709
11.2	-0.008083654689032651
11.3	-0.007672068376542908
11.4	-0.007276212136948477
11.5	-0.006896318859357317
11.6	-0.006532619588076609
11.7	-0.006185131343685087
11.8	-0.005853460337961143
11.9	-0.005537166254254249
12.	-0.0052358087759138555
12.1	-0.004948952271329901
12.2	-0.004676255091361221
12.3	-0.0044174625000784765
12.4	-0.004172323030030622
12.5	-0.003940585213766592
12.6	-0.0037219595121358723
12.7	-0.0035158800642162828
12.8	-0.0033216591104112646
12.9	-0.0031386083566955834
13.	-0.0029660395090439985
13.1	-0.002803264273431267
13.2	-0.0026495943558321497
13.3	-0.0025043666599497945
13.4	-0.002367161499329842
13.5	-0.0022376955216833784
13.6	-0.002115686874847333
13.7	-0.0020008537066586317
13.8	-0.0018929141649542032
13.9	-0.0017915863975709783
14.	-0.0016965756845476443
14.1	-0.0016075270691456999
14.2	-0.0015240679832155082
14.3	-0.0014458258564398337
14.4	-0.0013724281185014467
14.5	-0.0013035021990831128
14.6	-0.0012386768917754577
14.7	-0.001177613711167416
14.8	-0.0011200076615484513
14.9	-0.0010655552648823213
15.	-0.001013964384505408
15.1	-0.0009650553209884204
15.2	-0.0009187126510548058
15.3	-0.0008748217059049809
15.4	-0.0008332678167393646
15.5	-0.0007939365917655192
15.6	-0.0007567277047563803
15.7	-0.0007215612766837639
15.8	-0.0006883590381183979
15.9	-0.0006570427196310135
16.	-0.0006275339732981352
16.1	-0.000599749182732861
16.2	-0.0005735962267968142
16.3	-0.0005489822116982302
16.4	-0.0005258142436453481
16.5	-0.0005039992101107747
16.6	-0.00048342378043450616
16.7	-0.00046393833648392054
16.8	-0.00044538947866163504
16.9	-0.00042762970099266263
17.	-0.00041058249481488285
17.1	-0.00039421836393171023
17.2	-0.0003785086517804054
17.3	-0.0003634247017982278
17.4	-0.00034893785742243813
17.5	-0.0003350194623119253
17.6	-0.00032164404997957994
17.7	-0.00030879737642982625
17.8	-0.0002964676643694183
17.9	-0.00028464313650511207
18.	-0.000273312015543662
18.1	-0.0002624625241918233
18.2	-0.0002520828851563514
18.3	-0.00024216132114400076
18.4	-0.00023268605486152685
18.5	-0.00022364530901568442
18.6	-0.00021502730631322862
18.7	-0.0002068202210342037
18.8	-0.00019901022331972933
18.9	-0.00019158080727725175
19.	-0.00018451528067743524
19.1	-0.00017779695129094503
19.2	-0.0001714091268884461
19.3	-0.00016533511524060283
19.4	-0.0001595582241180806
19.5	-0.00015406176129154374
19.6	-0.00014882903453165735
19.7	-0.00014384335160908646
19.8	-0.00013908802029449552
19.9	-0.00013454634835854962
20.	-0.00013020164357191346
20.1	-0.00012603721370525197
20.2	-0.00012203652563259792
20.3	-0.0001181882836275502
20.4	-0.00011448749300584771
20.5	-0.0001109295331973074
20.6	-0.00010750978363174667
20.7	-0.00010422362373898296
20.8	-0.00010106643294883326
20.9	-0.0000980335906911151
21.	-0.00009512047639564544
21.1	-0.00009232246949224176
21.2	-0.00008963494941072139
21.3	-0.0000870532955809014
21.4	-0.00008457288743259921
21.5	-0.00008218910439563199
21.6	-0.00007989732589981703
21.7	-0.00007769293137497171
21.8	-0.00007557130025091313
21.9	-0.00007352781195745868
22.	-0.00007155784592442557
22.1	-0.00006965678158163104
22.2	-0.00006781999835889247
22.3	-0.00006604330386457752
22.4	-0.0000643244533632508
22.5	-0.00006266175560901735
22.6	-0.00006105351939427058
22.7	-0.00005949805351140402
22.8	-0.00005799366675281092
22.9	-0.00005653866791088481
23.	-0.000055131365778019
23.1	-0.00005377006914660693
23.2	-0.00005245308680904207
23.3	-0.000051178727557717716
23.4	-0.00004994530018502739
23.5	-0.000048751113483364403
23.6	-0.0000475944762451222
23.7	-0.00004647369726269423
23.8	-0.00004538708532847381
23.9	-0.00004433294923485445
24.	-0.00004330959777422946
24.1	-0.000042315339738992294
24.2	-0.00004134848392153639
24.3	-0.00004040733911425509
24.4	-0.00003949021410954186
24.5	-0.000038595417699790045
24.6	-0.00003772126728276267
24.7	-0.00003686658817345308
24.8	-0.00003603098816337711
24.9	-0.00003521414179651508
25.	-0.000034415723616847156
25.1	-0.00003363540816835362
25.2	-0.00003287286999501475
25.3	-0.000032127783640810716
25.4	-0.00003139982364972181
25.5	-0.00003068866456572824
25.6	-0.00002999398093281027
25.7	-0.00002931544729494816
25.8	-0.00002865273819612212
25.9	-0.000028005528180312418
26.	-0.00002737349179149926
26.1	-0.000026756303573662918
26.2	-0.000026153638070783647
26.3	-0.000025565169826841653
26.4	-0.000024990573385817223
26.5	-0.00002442952329169054
26.6	-0.00002388169408844189
26.7	-0.000023346760320051523
26.8	-0.000022824396530499642
26.9	-0.000022314277263766532
27.	-0.0000218160770638324
27.1	-0.000021329470532875614
27.2	-0.000020854163895151642
27.3	-0.00002038994721115506
27.4	-0.000019936624278118525
27.5	-0.000019493998893274625
27.6	-0.000019061874853855998
27.7	-0.000018640055957095275
27.8	-0.00001822834600022506
27.9	-0.000017826548780477988
28.	-0.000017434468095086668
28.1	-0.000017051907741283724
28.2	-0.000016678671516301795
28.3	-0.00001631456321737347
28.4	-0.00001595938664173141
28.5	-0.0000156129455866082
28.6	-0.000015275043849236476
28.7	-0.000014945485226848876
28.8	-0.000014624073516677993
28.9	-0.000014310612515956472
29.	-0.000014004906021916915
29.1	-0.000013706757831791954
29.2	-0.000013415971742814217
29.3	-0.000013132351556902735
29.4	-0.000012855708784853378
29.5	-0.000012585878354372668
29.6	-0.000012322699623086606
29.7	-0.000012066011948621191
29.8	-0.0000118156546886024
29.9	-0.000011571467200656246
30.	-0.000011333288842408695
30.1	-0.00001110095897148575
30.2	-0.000010874316945513411
30.3	-0.000010653202122117654
30.4	-0.000010437453858924491
30.5	-0.00001022691151355989
30.6	-0.000010021414443649856
30.7	-9.820802006820385e-6
30.8	-9.624913560697456e-6
30.9	-9.433588462907076e-6
31.	-9.24666607107522e-6
31.1	-9.063985742827888e-6
31.2	-8.885386947860867e-6
31.3	-8.710734429598749e-6
31.4	-8.539950083268666e-6
31.5	-8.372963656725479e-6
31.6	-8.209704897824076e-6
31.7	-8.05010355441934e-6
31.8	-7.894089374366136e-6
31.9	-7.741592105519358e-6
32.	-7.59254149573387e-6
32.1	-7.446867292864555e-6
32.2	-7.304499244766298e-6
32.3	-7.165367099293981e-6
32.4	-7.029400604302466e-6
32.5	-6.896529507646639e-6
32.6	-6.766683557181384e-6
32.7	-6.639792500761572e-6
32.8	-6.515786086242096e-6
32.9	-6.394594061477814e-6
33.	-6.276146174323614e-6
33.1	-6.160372192623969e-6
33.2	-6.047203456763764e-6
33.3	-5.936573987467446e-6
33.4	-5.828418066955943e-6
33.5	-5.7226699774502074e-6
33.6	-5.619264001171181e-6
33.7	-5.518134420339805e-6
33.8	-5.419215517177032e-6
33.9	-5.322441573903791e-6
34.	-5.227746872741031e-6
34.1	-5.135065695909694e-6
34.2	-5.044332325630725e-6
34.3	-4.9554810441250726e-6
34.4	-4.868446133613665e-6
34.5	-4.783161876317458e-6
34.6	-4.699562554457386e-6
34.7	-4.617582450254399e-6
34.8	-4.537155845929441e-6
34.9	-4.458217023703446e-6
35.	-4.380700776640303e-6
35.1	-4.304561675864007e-6
35.2	-4.229779938159891e-6
35.3	-4.1563374895626106e-6
35.4	-4.084216256106811e-6
35.5	-4.013398163827151e-6
35.6	-3.943865138758284e-6
35.7	-3.875599106934864e-6
35.8	-3.808581994391549e-6
35.9	-3.7427957271629825e-6
36.	-3.6782222312838226e-6
36.1	-3.6148434327887246e-6
36.2	-3.5526412577123413e-6
36.3	-3.4915976320893286e-6
36.4	-3.431694481954335e-6
36.5	-3.3729137333420163e-6
36.6	-3.3152373122870254e-6
36.7	-3.2586471448240173e-6
36.8	-3.2031251569876485e-6
36.9	-3.148653274812566e-6
37.	-3.095213424333427e-6
37.1	-3.0427875315848844e-6
37.2	-2.991357580613396e-6
37.3	-2.9409083313333646e-6
37.4	-2.891428483565601e-6
37.5	-2.842907036937455e-6
37.6	-2.795332991076276e-6
37.7	-2.748695345609408e-6
37.8	-2.702983100164204e-6
37.9	-2.6581852543680022e-6
38.	-2.614290807848155e-6
38.1	-2.5712887602320076e-6
38.2	-2.529168111146907e-6
38.3	-2.4879178602202048e-6
38.4	-2.447527007079241e-6
38.5	-2.407984551351366e-6
38.6	-2.3692794926639265e-6
38.7	-2.3314008306442686e-6
38.8	-2.2943375649197436e-6
38.9	-2.258078695117693e-6
39.	-2.2226132208654646e-6
39.1	-2.1879301417904073e-6
39.2	-2.1540184575198677e-6
39.3	-2.1208671676811952e-6
39.4	-2.0884652719017313e-6
39.5	-2.0568017698088266e-6
39.6	-2.025865661029827e-6
39.7	-1.99564594519208e-6
39.8	-1.966131113725156e-6
39.9	-1.937304764072182e-6
40.	-1.9091477592711786e-6
40.1	-1.881640932509068e-6
40.2	-1.8547651169727738e-6
40.3	-1.8285011458492214e-6
40.4	-1.8028298523253299e-6
40.5	-1.7777320695880246e-6
40.6	-1.7531886308242285e-6
40.7	-1.7291803692208644e-6
40.8	-1.7056881179648576e-6
40.9	-1.6826927102431275e-6
41.	-1.6601749792425995e-6
41.1	-1.6381157581501968e-6
41.2	-1.616495880152842e-6
41.3	-1.5952961784374604e-6
41.4	-1.574497486190971e-6
41.5	-1.5540806366003004e-6
41.6	-1.5340264628523704e-6
41.7	-1.5143157981341041e-6
41.8	-1.4949294756324267e-6
41.9	-1.4758483285342583e-6
42.	-1.4570531900265232e-6
42.1	-1.4385248932961454e-6
42.2	-1.420244271530047e-6
42.3	-1.4021921579151534e-6
42.4	-1.3843493856383845e-6
42.5	-1.3666967878866648e-6
42.6	-1.3492160830536548e-6
42.7	-1.3319003837291695e-6
42.8	-1.3147507140401024e-6
42.9	-1.2977682576027453e-6
43.	-1.2809541980333945e-6
43.1	-1.2643097189483434e-6
43.2	-1.2478360039638877e-6
43.3	-1.2315342366963228e-6
43.4	-1.2154056007619407e-6
43.5	-1.199451279777037e-6
43.6	-1.183672457357907e-6
43.7	-1.1680703171208444e-6
43.8	-1.1526460426821456e-6
43.9	-1.137400817658102e-6
44.	-1.1223358256650103e-6
44.1	-1.1074522503191641e-6
44.2	-1.0927512752368591e-6
44.3	-1.0782340840343898e-6
44.4	-1.0639018603280494e-6
44.5	-1.0497557877341327e-6
44.6	-1.0357970498689354e-6
44.7	-1.0220268303487512e-6
44.8	-1.0084463127898758e-6
44.9	-9.950566808086018e-7
45.	-9.818591180212252e-7
45.1	-9.688548080440397e-7
45.2	-9.560449344933406e-7
45.3	-9.43430680985423e-7
45.4	-9.310132311365796e-7
45.5	-9.187937685631063e-7
45.6	-9.067733914342261e-7
45.7	-8.949511021690989e-7
45.8	-8.833237322855448e-7
45.9	-8.718880128182053e-7
46.	-8.606406748017249e-7
46.1	-8.495784492707468e-7
46.2	-8.386980672599151e-7
46.3	-8.279962598038737e-7
46.4	-8.17469757937265e-7
46.5	-8.071152926947331e-7
46.6	-7.969295951109213e-7
46.7	-7.869093962204736e-7
46.8	-7.770514270580343e-7
46.9	-7.673524186582449e-7
47.	-7.578091020557502e-7
47.1	-7.484182082851938e-7
47.2	-7.39176468381219e-7
47.3	-7.300806133784701e-7
47.4	-7.211273743115892e-7
47.5	-7.123134822152208e-7
47.6	-7.036356681240082e-7
47.7	-6.95090663072595e-7
47.8	-6.866751980956256e-7
47.9	-6.783860042277419e-7
48.	-6.702198125035885e-7
48.1	-6.621733539578089e-7
48.2	-6.542433596250464e-7
48.3	-6.46426560539945e-7
48.4	-6.387196877371476e-7
48.5	-6.31119472251298e-7
48.6	-6.2362264511704e-7
48.7	-6.162259373690169e-7
48.8	-6.089260800418727e-7
48.9	-6.017198041702501e-7
49.	-5.946038496289058e-7
49.1	-5.875757744583425e-7
49.2	-5.806346057300159e-7
49.3	-5.73779523678263e-7
49.4	-5.670097085374196e-7
49.5	-5.60324340541823e-7
49.6	-5.537225999258096e-7
49.7	-5.472036669237162e-7
49.8	-5.4076672176988e-7
49.9	-5.34410944698637e-7
50.	-5.281355159443237e-7
50.1	-5.219396157412776e-7
50.2	-5.158224243238346e-7
50.3	-5.097831219263324e-7
50.4	-5.038208887831065e-7
50.5	-4.979349051284943e-7
50.6	-4.921243511968323e-7
50.7	-4.863884072224571e-7
50.8	-4.807262534397059e-7
50.9	-4.7513707008291485e-7
51.	-4.696200373864205e-7
51.1	-4.6417433558455994e-7
51.2	-4.5879914491166984e-7
51.3	-4.53493645602087e-7
51.4	-4.482570178901476e-7
51.5	-4.4308844201018863e-7
51.6	-4.379870981965467e-7
51.7	-4.329521666835587e-7
51.8	-4.2798282770556154e-7
51.9	-4.2307826149689107e-7
52.	-4.182376482918846e-7
52.1	-4.1346016832487856e-7
52.2	-4.087450018302099e-7
52.3	-4.0409132904221545e-7
52.4	-3.994983301952312e-7
52.5	-3.9496518552359437e-7
52.6	-3.904910752616416e-7
52.7	-3.8607517964370937e-7
52.8	-3.8171667890413485e-7
52.9	-3.774147532772541e-7
53.	-3.731685829974041e-7
53.1	-3.689773482989215e-7
53.2	-3.6484023687499455e-7
53.3	-3.6075655522047e-7
53.4	-3.5672570510950117e-7
53.5	-3.527470909987111e-7
53.6	-3.488201173447224e-7
53.7	-3.4494418860415823e-7
53.8	-3.411187092336414e-7
53.9	-3.3734308368979435e-7
54.	-3.336167164292402e-7
54.1	-3.2993901190860146e-7
54.2	-3.2630937458450103e-7
54.3	-3.2272720891356216e-7
54.4	-3.19191919352407e-7
54.5	-3.157029103576586e-7
54.6	-3.122595863859399e-7
54.7	-3.0886135189387356e-7
54.8	-3.0550761133808267e-7
54.9	-3.0219776917518955e-7
55.	-2.989312298618173e-7
55.1	-2.9570739785458856e-7
55.2	-2.9252567761012633e-7
55.3	-2.893854735850535e-7
55.4	-2.8628619023599243e-7
55.5	-2.832272320195664e-7
55.6	-2.8020800339239786e-7
55.7	-2.772279088111098e-7
55.8	-2.7428635273232516e-7
55.9	-2.713827396126664e-7
56.	-2.6851647390875654e-7
56.1	-2.6568696007721836e-7
56.2	-2.628936025746746e-7
56.3	-2.601358058577483e-7
56.4	-2.5741297438306193e-7
56.5	-2.5472451260723845e-7
56.6	-2.5206982498690064e-7
56.7	-2.494483159786713e-7
56.8	-2.468593900391735e-7
56.9	-2.443024516250295e-7
57.	-2.4177690519286255e-7
57.1	-2.3928215519929525e-7
57.2	-2.3681760610095047e-7
57.3	-2.3438266235445116e-7
57.4	-2.3197672841641983e-7
57.5	-2.2959920874347944e-7
57.6	-2.2724950779225277e-7
57.7	-2.2492703001936263e-7
57.8	-2.2263117988143203e-7
57.9	-2.2036136183508333e-7
58.	-2.1811698036080827e-7
58.1	-2.1589751681467447e-7
58.2	-2.1370270015360735e-7
58.3	-2.1153230908701863e-7
58.4	-2.0938612232431974e-7
58.5	-2.0726391857492257e-7
58.6	-2.0516547654823859e-7
58.7	-2.0309057495367963e-7
58.8	-2.010389925006575e-7
58.9	-1.990105078985835e-7
59.	-1.970048998568695e-7
59.1	-1.9502194708492718e-7
59.2	-1.930614282921681e-7
59.3	-1.9112312218800426e-7
59.4	-1.8920680748184686e-7
59.5	-1.8731226288310782e-7
59.6	-1.8543926710119877e-7
59.7	-1.8358759884553136e-7
59.8	-1.8175703682551744e-7
59.9	-1.7994735975056844e-7
60.	-1.7815834633009603e-7
60.1	-1.76389775273512e-7
60.2	-1.7464142529022805e-7
60.3	-1.729130750896558e-7
60.4	-1.712045033812068e-7
60.5	-1.6951548887429292e-7
60.6	-1.6784581027832563e-7
60.7	-1.6619524630271672e-7
60.8	-1.6456357565687798e-7
60.9	-1.6295057705022076e-7
61.	-1.6135602919215695e-7
61.1	-1.5977971079209817e-7
61.2	-1.582214005594561e-7
61.3	-1.5668087720364247e-7
61.4	-1.5515791943406883e-7
61.5	-1.5365230596014684e-7
61.6	-1.5216381549128824e-7
61.7	-1.5069222673690475e-7
61.8	-1.49237318406408e-7
61.9	-1.477988692092096e-7
62.	-1.4637665785472121e-7
62.1	-1.4497046305235454e-7
62.2	-1.435800635115213e-7
62.3	-1.4220523794163322e-7
62.4	-1.4084576505210175e-7
62.5	-1.3950142355233867e-7
62.6	-1.3817199215175572e-7
62.7	-1.368572495597644e-7
62.8	-1.3555697448577666e-7
62.9	-1.342709456392039e-7
63.	-1.3299894172945788e-7
63.1	-1.3174074146595026e-7
63.2	-1.3049612355809275e-7
63.3	-1.2926486671529701e-7
63.4	-1.280467496469747e-7
63.5	-1.2684155124050696e-7
63.6	-1.2564908249153118e-7
63.7	-1.2446922345195305e-7
63.8	-1.2330186313002205e-7
63.9	-1.2214689053398745e-7
64.	-1.2100419467209863e-7
64.1	-1.1987366455260512e-7
64.2	-1.18755189183756e-7
64.3	-1.17648657573801e-7
64.4	-1.1655395873098915e-7
64.5	-1.1547098166357018e-7
64.6	-1.1439961537979329e-7
64.7	-1.1333974888790773e-7
64.8	-1.1229127119616313e-7
64.9	-1.1125407131280864e-7
65.	-1.1022803824609385e-7
65.1	-1.0921306100426805e-7
65.2	-1.0820902859558047e-7
65.3	-1.0721583002828073e-7
65.4	-1.0623335431061798e-7
65.5	-1.0526149045084187e-7
65.6	-1.0430012745720162e-7
65.7	-1.0334915433794646e-7
65.8	-1.0240846010132604e-7
65.9	-1.014779337555895e-7
66.	-1.005574643089865e-7
66.1	-9.964694076976619e-8
66.2	-9.874625214617792e-8
66.3	-9.785528744647129e-8
66.4	-9.69739356788954e-8
66.5	-9.610208585169993e-8
66.6	-9.523962697313408e-8
66.7	-9.438644805144712e-8
66.8	-9.35424380948887e-8
66.9	-9.270748611170794e-8
67.	-9.188148111015442e-8
67.1	-9.106431209847746e-8
67.2	-9.025586808492628e-8
67.3	-8.945603807775051e-8
67.4	-8.866471108519929e-8
67.5	-8.788177611552223e-8
67.6	-8.710712217696859e-8
67.7	-8.634063827778763e-8
67.8	-8.558221342622896e-8
67.9	-8.483173663054174e-8
68.	-8.408909689897557e-8
68.1	-8.335418323977968e-8
68.2	-8.262688466120341e-8
68.3	-8.190709017149628e-8
68.4	-8.119468877890753e-8
68.5	-8.048956949168668e-8
68.6	-7.979162131808303e-8
68.7	-7.910073326634586e-8
68.8	-7.841679434472474e-8
68.9	-7.773969356146888e-8
69.	-7.706931992482778e-8
69.1	-7.64055624430508e-8
69.2	-7.57483101243872e-8
69.3	-7.509745197708653e-8
69.4	-7.445287700939799e-8
69.5	-7.381447422957116e-8
69.6	-7.318213317245904e-8
69.7	-7.255576886685346e-8
69.8	-7.193533269852561e-8
69.9	-7.132077883862823e-8
70.	-7.071206145831459e-8
70.1	-7.010913472873754e-8
70.2	-6.951195282105002e-8
70.3	-6.892046990640524e-8
70.4	-6.833464015595597e-8
70.5	-6.775441774085542e-8
70.6	-6.717975683225654e-8
70.7	-6.66106116013122e-8
70.8	-6.604693621917556e-8
70.9	-6.548868485699954e-8
71.	-6.493581168593724e-8
71.1	-6.43882708771416e-8
71.2	-6.384601660176558e-8
71.3	-6.330900303096227e-8
71.4	-6.277718433588458e-8
71.5	-6.225051468768567e-8
71.6	-6.172894825751842e-8
71.7	-6.121243921653579e-8
71.8	-6.070094173589094e-8
71.9	-6.019440998673672e-8
72.	-5.969279814022626e-8
72.1	-5.9196060367512556e-8
72.2	-5.870415083974847e-8
72.3	-5.821702372808718e-8
72.4	-5.773463320368156e-8
72.5	-5.725693343768473e-8
72.6	-5.678387860124965e-8
72.7	-5.631542286552924e-8
72.8	-5.585152040167664e-8
72.9	-5.539212538084474e-8
73.	-5.493719197418663e-8
73.1	-5.4486674352855316e-8
73.2	-5.4040526688003704e-8
73.3	-5.3598703150784905e-8
73.4	-5.316115791235184e-8
73.5	-5.2727845143857615e-8
73.6	-5.229871901645518e-8
73.7	-5.187373370129749e-8
73.8	-5.145284336953762e-8
73.9	-5.103600219232852e-8
74.	-5.062316434082328e-8
74.1	-5.021428398617486e-8
74.2	-4.980931529953619e-8
74.3	-4.9408212452060395e-8
74.4	-4.901092961490038e-8
74.5	-4.861742095920926e-8
74.6	-4.822764065613996e-8
74.7	-4.784154287684546e-8
74.8	-4.745908179247885e-8
74.9	-4.708021157419304e-8
75.	-4.670488639314115e-8
75.1	-4.6333060420476116e-8
75.2	-4.59646878273509e-8
75.3	-4.5599722784918594e-8
75.4	-4.5238119464332125e-8
75.5	-4.4879832036744595e-8
75.6	-4.452481467330894e-8
75.7	-4.417302154517813e-8
75.8	-4.3824406823505263e-8
75.9	-4.3478924679443254e-8
76.	-4.3136529284145206e-8
76.1	-4.279717480876405e-8
76.2	-4.246081542445278e-8
76.3	-4.2127407528338255e-8
76.4	-4.17969232100368e-8
76.5	-4.1469341306244833e-8
76.6	-4.11446406798083e-8
76.7	-4.082280019357313e-8
76.8	-4.0503798710385395e-8
76.9	-4.018761509309099e-8
77.	-3.987422820453599e-8
77.1	-3.9563616907566355e-8
77.2	-3.925576006502801e-8
77.3	-3.895063653976701e-8
77.4	-3.864822519462931e-8
77.5	-3.8348504892460915e-8
77.6	-3.8051454496107806e-8
77.7	-3.775705286841591e-8
77.8	-3.74652788722313e-8
77.9	-3.717611137039989e-8
78.	-3.688952922576773e-8
78.1	-3.660551130118078e-8
78.2	-3.6324036459484967e-8
78.3	-3.6045083563526374e-8
78.4	-3.576863147615089e-8
78.5	-3.549465906020459e-8
78.6	-3.5223145178533416e-8
78.7	-3.495406869398332e-8
78.8	-3.468740846940036e-8
78.9	-3.442314336763043e-8
79.	-3.416125225151962e-8
79.1	-3.390171398391386e-8
79.2	-3.36445074276591e-8
79.3	-3.3389611445601403e-8
79.4	-3.3137004900586674e-8
79.5	-3.288666665546096e-8
79.6	-3.263857557307026e-8
79.7	-3.239271051626045e-8
79.8	-3.214905034787765e-8
79.9	-3.190757393076773e-8
80.	-3.166826012777678e-8
80.1	-3.1431087801750715e-8
80.2	-3.1196035815535516e-8
80.3	-3.096308303197723e-8
80.4	-3.0732208313921746e-8
80.5	-3.050339052421516e-8
80.6	-3.0276608525703396e-8
80.7	-3.0051841181232416e-8
80.8	-2.982906735364828e-8
80.9	-2.9608265905796885e-8
81.	-2.9389415700524288e-8
81.1	-2.9172495600676452e-8
81.2	-2.8957484469099325e-8
81.3	-2.8744361168638944e-8
81.4	-2.853310456214125e-8
81.5	-2.8323693512452284e-8
81.6	-2.8116106882417993e-8
81.7	-2.791032353488434e-8
81.8	-2.770632233269737e-8
81.9	-2.7504082138703e-8
82.	-2.7303581815747285e-8
82.1	-2.710480022667617e-8
82.2	-2.6907716234335623e-8
82.3	-2.6712308701571678e-8
82.4	-2.651855649123027e-8
82.5	-2.6326438466157433e-8
82.6	-2.6135933489199126e-8
82.7	-2.594702042320131e-8
82.8	-2.5759678131010024e-8
82.9	-2.55738854754712e-8
83.	-2.5389621319430864e-8
83.1	-2.5206864525734992e-8
83.2	-2.5025593957229533e-8
83.3	-2.4845788476760536e-8
83.4	-2.4667426947173912e-8
83.5	-2.4490489252374522e-8
83.6	-2.431496277595989e-8
83.7	-2.4140838244775226e-8
83.8	-2.396810640105102e-8
83.9	-2.3796757987017672e-8
84.	-2.3626783744905683e-8
84.1	-2.3458174416945486e-8
84.2	-2.3290920745367508e-8
84.3	-2.312501347240224e-8
84.4	-2.296044334028009e-8
84.5	-2.2797201091231556e-8
84.6	-2.2635277467487065e-8
84.7	-2.2474663211277046e-8
84.8	-2.2315349064831995e-8
84.9	-2.2157325770382318e-8
85.	-2.200058407015851e-8
85.1	-2.1845114706391006e-8
85.2	-2.1690908421310227e-8
85.3	-2.153795595714666e-8
85.4	-2.138624805613074e-8
85.5	-2.1235775460492933e-8
85.6	-2.1086528912463682e-8
85.7	-2.0938499154273418e-8
85.8	-2.0791676928152625e-8
85.9	-2.0646052976331718e-8
86.	-2.050161804104119e-8
86.1	-2.035836286451147e-8
86.2	-2.021627818897299e-8
86.3	-2.007535475665625e-8
86.4	-1.9935583309791643e-8
86.5	-1.979695459060967e-8
86.6	-1.9659459341340757e-8
86.7	-1.952308830421534e-8
86.8	-1.9387832221463915e-8
86.9	-1.9253681835316886e-8
87.	-1.9120627888004735e-8
87.1	-1.898866112175791e-8
87.2	-1.8857772278806833e-8
87.3	-1.8727952101381997e-8
87.4	-1.8599191331713813e-8
87.5	-1.8471480712032774e-8
87.6	-1.8344810984569305e-8
87.7	-1.821917289155385e-8
87.8	-1.809455717521688e-8
87.9	-1.7970954577788825e-8
88.	-1.784835584150016e-8
88.1	-1.7726751708581333e-8
88.2	-1.760613292126276e-8
88.3	-1.748649022177494e-8
88.4	-1.7367814352348276e-8
88.5	-1.7250096055213273e-8
88.6	-1.7133326072600352e-8
88.7	-1.7017495146739946e-8
88.8	-1.690259401986254e-8
88.9	-1.678861343419856e-8
89.	-1.667554413197849e-8
89.1	-1.656337685543275e-8
89.2	-1.645210234679179e-8
89.3	-1.6341711348286083e-8
89.4	-1.6232194602146052e-8
89.5	-1.6123542850602184e-8
89.6	-1.6015746835884906e-8
89.7	-1.590879730022466e-8
89.8	-1.580268498585192e-8
89.9	-1.5697400634997122e-8
90.	-1.5592934989890726e-8
90.1	-1.5489278792763192e-8
90.2	-1.5386422785844937e-8
90.3	-1.5284357711366447e-8
90.4	-1.5183074311558148e-8
90.5	-1.5082563328650514e-8
90.6	-1.4982815504873985e-8
90.7	-1.4883821582459004e-8
90.8	-1.4785572303636033e-8
90.9	-1.4688058410635507e-8
91.	-1.4591270645687912e-8
91.1	-1.4495199751023664e-8
91.2	-1.439983659158685e-8
91.3	-1.4305174509338522e-8
91.4	-1.4211209145329226e-8
91.5	-1.4117936227675719e-8
91.6	-1.4025351484494709e-8
91.7	-1.3933450643902903e-8
91.8	-1.3842229434017056e-8
91.9	-1.3751683582953854e-8
92.	-1.3661808818830057e-8
92.1	-1.3572600869762372e-8
92.2	-1.3484055463867505e-8
92.3	-1.3396168329262214e-8
92.4	-1.3308935194063184e-8
92.5	-1.3222351786387175e-8
92.6	-1.3136413834350894e-8
92.7	-1.3051117066071048e-8
92.8	-1.2966457209664386e-8
92.9	-1.288242999324761e-8
93.	-1.2799031144937465e-8
93.1	-1.2716256392850662e-8
93.2	-1.263410146510391e-8
93.3	-1.255256208981396e-8
93.4	-1.247163399509751e-8
93.5	-1.2391312909071306e-8
93.6	-1.2311594559852057e-8
93.7	-1.2232474675556481e-8
93.8	-1.2153948984301319e-8
93.9	-1.2076013214203274e-8
94.	-1.1998663093379088e-8
94.1	-1.1921894349945475e-8
94.2	-1.1845702712019146e-8
94.3	-1.1770083907716846e-8
94.4	-1.1695033665155282e-8
94.5	-1.1620547712451192e-8
94.6	-1.1546621777721289e-8
94.7	-1.147325158908229e-8
94.8	-1.1400432874650935e-8
94.9	-1.1328161362543928e-8
95.	-1.1256432780878012e-8
95.1	-1.1185242857769899e-8
95.2	-1.11145873213363e-8
95.3	-1.1044461899693967e-8
95.4	-1.0974862320959592e-8
95.5	-1.0905784313249927e-8
95.6	-1.0837223604681682e-8
95.7	-1.0769175923371568e-8
95.8	-1.0701636997436326e-8
95.9	-1.0634602554992666e-8
96.	-1.0568068324157328e-8
96.1	-1.0502030033047025e-8
96.2	-1.043648340977847e-8
96.3	-1.0371424182468403e-8
96.4	-1.0306848079233532e-8
96.5	-1.0242750828190601e-8
96.6	-1.0179128157456314e-8
96.7	-1.0115975795147395e-8
96.8	-1.005328946938058e-8
96.9	-9.991064908272578e-9
97.	-9.929297839940126e-9
97.1	-9.867983992499938e-9
97.2	-9.807119094068734e-9
97.3	-9.746698872763246e-9
97.4	-9.68671905670019e-9
97.5	-9.627175373996297e-9
97.6	-9.568063552768284e-9
97.7	-9.509379321132868e-9
97.8	-9.451118407206789e-9
97.9	-9.39327653910675e-9
98.	-9.335849444949492e-9
98.1	-9.278832852851734e-9
98.2	-9.222222490930184e-9
98.3	-9.166014087301588e-9
98.4	-9.11020337008265e-9
98.5	-9.054786067390107e-9
98.6	-8.999757907340677e-9
98.7	-8.945114618051073e-9
98.8	-8.890851927638034e-9
98.9	-8.836965564218268e-9
99.	-8.783451255908517e-9
99.1	-8.730304730825495e-9
99.2	-8.677521717085913e-9
99.3	-8.625097942806512e-9
99.4	-8.573029137985086e-9
99.5	-8.521311639843933e-9
99.6	-8.469943260765235e-9
99.7	-8.418922032824018e-9
99.8	-8.368245988095332e-9
99.9	-8.317913158654202e-9
100.	-8.267921576575671e-9
105.	-6.159941718238433e-9
110.	-4.655326445751475e-9
115.	-3.560783190898472e-9
120.	-2.755600479631163e-9
125.	-2.1545676712052506e-9
130.	-1.7011149987604933e-9
135.	-1.3550575790962984e-9
140.	-1.0884630673201658e-9
145.	-8.809663668881464e-10
150.	-7.182949963071349e-10
155.	-5.894580020799158e-10
160.	-4.869305416053702e-10
165.	-4.0447454435277163e-10
170.	-3.379658554179456e-10
175.	-2.8378836676790713e-10
180.	-2.395171563728965e-10
185.	-2.030889728752901e-10
190.	-1.7294566314034646e-10
195.	-1.4792392740156593e-10
200.	-1.2699486208772888e-10
205.	-1.0945829420092305e-10
210.	-9.467806831540417e-11
215.	-8.216788631338763e-11
220.	-7.155607127124491e-11
225.	-6.249856214791453e-11
230.	-5.4754407373422276e-11
235.	-4.810990501385903e-11
240.	-4.238136135183797e-11
245.	-3.7437255689034375e-11
250.	-3.315245943969128e-11
255.	-2.942665201212766e-11
260.	-2.6183201252076765e-11
265.	-2.334789621785827e-11
270.	-2.0863572950549657e-11
275.	-1.868401919420079e-11
280.	-1.6764410212643845e-11
285.	-1.5070666517240234e-11
290.	-1.357434439390324e-11
295.	-1.2247779565434147e-11
300.	-1.1069793507403013e-11
305.	-1.0022605145672758e-11
310.	-9.088790406054321e-12
315.	-8.254675346854881e-12
320.	-7.508980570381976e-12
325.	-6.840562569841789e-12
330.	-6.240272783800445e-12
335.	-5.700833689382619e-12
340.	-5.2150522106348626e-12
345.	-4.7766282906187006e-12
350.	-4.380748610891952e-12
355.	-4.0227405324617336e-12
360.	-3.698213939937415e-12
365.	-3.403850608376042e-12
370.	-3.1365864765240492e-12
375.	-2.8934065975036173e-12
380.	-2.6718848689839797e-12
385.	-2.469983759408117e-12
390.	-2.2856739600375703e-12
395.	-2.1171285005826496e-12
400.	-1.9629366606126374e-12
405.	-1.8217389615588915e-12
410.	-1.6922046143166753e-12
415.	-1.5732689196237774e-12
420.	-1.4640114563157037e-12
425.	-1.3635134483709388e-12
430.	-1.270932155986122e-12
435.	-1.1856122186043753e-12
440.	-1.1069266268413944e-12
445.	-1.0342532439878017e-12
450.	-9.670672870052017e-13
455.	-9.049337905053043e-13
460.	-8.474211515028778e-13
465.	-7.941103414001083e-13
470.	-7.446668232338037e-13
475.	-6.987908615128459e-13
480.	-6.561828325992593e-13
485.	-6.165610796766948e-13
490.	-5.79703551773538e-13
495.	-5.45400542468328e-13
500.	-5.134424697299052e-13
550.	-2.895885031744904e-13
600.	-1.7169889013717521e-13
650.	-1.0615711200504747e-13
700.	-6.801972312735531e-14
750.	-4.494487895092391e-14
800.	-3.05038567159067e-14
850.	-2.119561592692231e-14
900.	-1.5037833013458557e-14
950.	-1.086908195304351e-14
1000.	-7.988035418578242e-15
1050.	-5.9596266525456486e-15
1100.	-4.507352048226271e-15
1150.	-3.4515995501999234e-15
1200.	-2.6733542054509346e-15
1250.	-2.092312022127446e-15
1300.	-1.6533830122847545e-15
1350.	-1.3182000760614173e-15
1400.	-1.0596697283556013e-15
1450.	-8.583993152292659e-16
1500.	-7.003423418702829e-16
1550.	-5.752170140692806e-16
1600.	-4.754101197985487e-16
1650.	-3.9523258929328036e-16
1700.	-3.3039522781203997e-16
1750.	-2.7763283850986716e-16
1800.	-2.3444361757107855e-16
1850.	-1.9889238499971673e-16
1900.	-1.6947440206021258e-16
1950.	-1.450092959945215e-16
2000.	-1.2456704170539642e-16
2050.	-1.074088587376029e-16
2100.	-9.294564799921771e-17
2150.	-8.070424599304718e-17
2200.	-7.030305124009856e-17
2250.	-6.143266893213332e-17
2300.	-5.3840868080603655e-17
2350.	-4.732138403904691e-17
2400.	-4.17045455994049e-17
2450.	-3.6850291100527024e-17
2500.	-3.2642602441025053e-17
2550.	-2.89848924265441e-17
2600.	-2.579650811673361e-17
2650.	-2.3009894548359195e-17
2700.	-2.0568219503901386e-17
2750.	-1.8423526731072478e-17
2800.	-1.653525098480946e-17
2850.	-1.4868952492106688e-17
2900.	-1.3395300732425317e-17
2950.	-1.208925341404126e-17
3000.	-1.0929379386257714e-17
3050.	-9.8972795047962e-18
3100.	-8.977116753380753e-18
3150.	-8.155227443490746e-18
3200.	-7.419798347180466e-18
3250.	-6.7605909237767386e-18
3300.	-6.1687095428925885e-18
3350.	-5.636409033296914e-18
3400.	-5.156932043736001e-18
3450.	-4.724371713400625e-18
3500.	-4.333554641699815e-18
3550.	-3.9799401835582395e-18
3600.	-3.659535646689744e-18
3650.	-3.368823889686693e-18
3700.	-3.104701274030355e-18
3750.	-2.8644243862755527e-18
3800.	-2.6455642929825418e-18
3850.	-2.445966993313137e-18
3900.	-2.263719119760997e-18
3950.	-2.0971184458979454e-18
4000.	-1.9446483282138967e-18
4050.	-1.804955505090349e-18
4100.	-1.6768307790095166e-18
4150.	-1.559192179358361e-18
4200.	-1.4510702631225482e-18
4250.	-1.351595261266927e-18
4300.	-1.2599858213501259e-18
4350.	-1.1755391365264086e-18
4400.	-1.0976222672499503e-18
4450.	-1.025664502118438e-18
4500.	-9.591506345164683e-19
4550.	-8.976150298274032e-19
4600.	-8.406363825377507e-19
4650.	-7.878330767144593e-19
4700.	-7.388590749466114e-19
4750.	-6.934002707985982e-19
4800.	-6.511712483710477e-19
4850.	-6.119123999183051e-19
4900.	-5.753873588041598e-19
4950.	-5.413807105402098e-19
5000.	-5.096959493701975e-19
5500.	-2.8769377105949754e-19
6000.	-1.7067853496115447e-19
6500.	-1.0558190001226506e-19
7000.	-6.7681063671579e-20
7500.	-4.473791207261194e-20
8000.	-3.0373363039978954e-20
8500.	-2.111106362659175e-20
9000.	-1.4981682239810235e-20
9500.	-1.083095863625835e-20
10000.	-7.961633886248725e-21
20000.	-1.2438436731985964e-22
30000.	-1.0919467422493205e-23
40000.	-1.9433955778376884e-24
50000.	-5.094442567653667e-25
60000.	-1.7061072879898002e-25
70000.	-6.765869670083193e-26
80000.	-3.036480583962731e-26
90000.	-1.497801576848798e-26
100000.	-7.959916029410059e-27