4.5	0.07690002850192645
4.6	0.06882539444272812
4.7	0.06175990877795508
4.8	0.055585365118333493
4.9	0.05018355707458931
5.	0.04543627825744877
5.1	0.041225322277637845
5.2	0.03743248274588261
5.3	0.03393956551931864
5.4	0.03065171130057651
5.5	0.02754595056185499
5.6	0.02461311361443597
5.7	0.021844030769601355
5.8	0.019229769481918728
5.9	0.016765092302774776
6.	0.014447683240376912
6.1	0.012275306036395787
6.2	0.010245724432502067
6.3	0.008356647126483286
6.4	0.006604815601827056
6.5	0.004986145741868846
6.6	0.0034965269315904175
6.7	0.002131848555973534
6.8	0.0008879999999999998
6.9	-0.0002391293513484301
7.	-0.0012536697642004531
7.1	-0.0021610854145957975
7.2	-0.002969002359806164
7.3	-0.0036852441036497874
7.4	-0.004317634149944927
7.5	-0.004873996002509818
7.6	-0.0053621531651627165
7.7	-0.005789929141721872
7.8	-0.006165139077849276
7.9	-0.006494145829480514
8.	-0.006780216457519667
8.1	-0.007026220652156841
8.2	-0.007235028103582138
8.3	-0.007409508501985662
8.4	-0.007552531537557514
8.5	-0.007666966900487794
8.6	-0.007755684280966608
8.7	-0.007821553369184059
8.8	-0.007867443148399399
8.9	-0.007895739011772391
9.	-0.007907500870602473
9.1	-0.00790356356682114
9.2	-0.007884761942359889
9.3	-0.007851930839150208
9.4	-0.007805905099123597
9.5	-0.007747519564211551
9.6	-0.007677609076345559
9.7	-0.00759700847745712
9.8	-0.007506577498522652
9.9	-0.0074072772149341585
10.	-0.00730009449324739
10.1	-0.007186016200023383
10.2	-0.007066029201823186
10.3	-0.006941120365207829
10.4	-0.0068122765567383645
10.5	-0.006680484642975827
10.6	-0.006546731490481258
10.7	-0.006412003965815703
10.8	-0.0062771760210487745
10.9	-0.006142539075039837
11.	-0.006008197232791386
11.1	-0.005874254510613807
11.2	-0.005740814924817483
11.3	-0.0056079824917128
11.4	-0.0054758612276101445
11.5	-0.0053445551488199
11.6	-0.005214168280120419
11.7	-0.005084816928191258
11.8	-0.004956654236653806
11.9	-0.0048298402263875434
12.	-0.004704534918271936
12.1	-0.004580898333186456
12.2	-0.004459090492010573
12.3	-0.004339271415623759
12.4	-0.004221601124905486
12.5	-0.004106239640735227
12.6	-0.003993346983826295
12.7	-0.003883054396861459
12.8	-0.003775384146712638
12.9	-0.003670332709428824
13.	-0.0035678965610590045
13.1	-0.0034680721776521673
13.2	-0.0033708560352573003
13.3	-0.003276244609923393
13.4	-0.0031842343776994357
13.5	-0.003094821814634415
13.6	-0.003008003396777321
13.7	-0.002923762953221494
13.8	-0.002842023676135214
13.9	-0.002762690606289017
14.	-0.002685668781116802
14.1	-0.002610863238052471
14.2	-0.002538179014529927
14.3	-0.002467521147983069
14.4	-0.002398794675845802
14.5	-0.002331904635552027
14.6	-0.0022667560645356446
14.7	-0.0022032540002305573
14.8	-0.0021413034800706666
14.9	-0.0020808101323832296
15.	-0.0020217130275327214
15.1	-0.001964001946333629
15.2	-0.001907670902934757
15.3	-0.00185271391148491
15.4	-0.001799124986132895
15.5	-0.0017468981410275163
15.6	-0.0016960273903175798
15.7	-0.0016465067481518897
15.8	-0.0015983302286792513
15.9	-0.0015514918460484712
16.	-0.0015059856144083537
16.1	-0.0014618055479077036
16.2	-0.0014189456606953275
16.3	-0.0013773999669200291
16.4	-0.0013371586379786926
16.5	-0.0012981878720644926
16.6	-0.0012604446393538237
16.7	-0.0012238858906626312
16.8	-0.001188468576806857
16.9	-0.0011541496486024473
17.	-0.0011208860568653442
17.1	-0.0010886347524114925
17.2	-0.0010573526860568373
17.3	-0.001026996808617321
17.4	-0.0009975240709088893
17.5	-0.0009688914237474843
17.6	-0.0009410558179490512
17.7	-0.0009139742043295348
17.8	-0.0008876035337048773
17.9	-0.0008619007568910252
18.	-0.0008368228247039197
18.1	-0.0008123305161378678
18.2	-0.0007884090600095192
18.3	-0.0007650533019721535
18.4	-0.0007422581107050766
18.5	-0.0007200183548875908
18.6	-0.0006983289031990014
18.7	-0.0006771846243186127
18.8	-0.0006565803869257275
18.9	-0.0006365110596996516
19.	-0.0006169715113196874
19.1	-0.0005979566104651401
19.2	-0.000579461225815314
19.3	-0.0005614802260495122
19.4	-0.0005440084798470397
19.5	-0.0005270408558872
19.6	-0.0005105722228492973
19.7	-0.0004945974494126364
19.8	-0.0004791114042565204
19.9	-0.0004641089560602545
20.	-0.0004495849735031415
20.1	-0.0004355343252644862
20.2	-0.00042195179204596213
20.3	-0.0004088292584823311
20.4	-0.00039615512499080826
20.5	-0.00038391758511888716
20.6	-0.0003721048324140628
20.7	-0.00036070506042383034
20.8	-0.00034970646269568334
20.9	-0.0003390972327771172
21.	-0.00032886556421562573
21.1	-0.00031899965055870395
21.2	-0.0003094876853538468
21.3	-0.000300317862148548
21.4	-0.000291478374490303
21.5	-0.0002829574159266055
21.6	-0.00027474318000495054
21.7	-0.0002668238602728328
21.8	-0.0002591876502777466
21.9	-0.0002518227435671868
22.	-0.00024471733368864744
22.1	-0.00023785961418962354
22.2	-0.00023123777861760967
22.3	-0.0002248400205201002
22.4	-0.0002186545334445899
22.5	-0.00021266951093857296
22.6	-0.00020687314654954425
22.7	-0.0002012536338249986
22.8	-0.00019579916631242995
22.9	-0.00019049793755933345
23.	-0.0001853381420414686
23.1	-0.00018031000960358246
23.2	-0.00017541012113380029
23.3	-0.00017063629281452073
23.4	-0.0001659863408281431
23.5	-0.00016145808135706593
23.6	-0.00015704933058368836
23.7	-0.00015275790469040942
23.8	-0.0001485816198596278
23.9	-0.0001445182922737427
24.	-0.00014056573811515273
24.1	-0.00013672177356625702
24.2	-0.00013298421480945462
24.3	-0.00012935087802714418
24.4	-0.0001258195794017249
24.5	-0.0001223881351155954
24.6	-0.00011905436135115485
24.7	-0.0001158160742908022
24.8	-0.00011267109011693624
24.9	-0.00010961722501195607
25.	-0.00010665229515826035
25.1	-0.00010377411673824823
25.2	-0.00010098050593431866
25.3	-0.0000982692789288704
25.4	-0.0000956382519043026
25.5	-0.00009308524104301393
25.6	-0.0000906080625274035
25.7	-0.00008820453253987026
25.8	-0.00008587246726281303
25.9	-0.00008360968287863086
26.	-0.00008141399556972254
26.1	-0.00007928322151848709
26.2	-0.00007721517690732348
26.3	-0.00007520767791863055
26.4	-0.00007325854073480731
26.5	-0.00007136558153825258
26.6	-0.00006952661651136537
26.7	-0.00006773946183654467
26.8	-0.00006600193369618927
26.9	-0.00006431184827269826
27.	-0.0000626670217484704
27.1	-0.00006106527030590473
27.2	-0.00005950441012740021
27.3	-0.00005798225739535567
27.4	-0.00005649663143747571
27.5	-0.00005504585359236676
27.6	-0.000053629293465562
27.7	-0.00005224645200240345
27.8	-0.00005089683014823291
27.9	-0.000049579928848392414
28.	-0.00004829524904822383
28.1	-0.0000470422916930691
28.2	-0.00004582055772827023
28.3	-0.00004462954809916905
28.4	-0.00004346876375110758
28.5	-0.00004233770562942768
28.6	-0.000041235874679471316
28.7	-0.00004016277184658047
28.8	-0.000039117898076096994
28.9	-0.000038100754313362895
29.	-0.00003711084150372003
29.1	-0.00003614766059251038
29.2	-0.0000352107125250759
29.3	-0.00003429949824675846
29.4	-0.00003341351870290006
29.5	-0.00003255227483884258
29.6	-0.00003171526759992797
29.7	-0.0000309019979314982
29.8	-0.00003011196677889515
29.9	-0.000029344675087460802
30.	-0.000028599623802537042
30.1	-0.00002787631386946582
30.2	-0.00002717424623358911
30.3	-0.000026492921840248785
30.4	-0.000025831841634786824
30.5	-0.000025190506562545126
30.6	-0.000024568417568865637
30.7	-0.000023965075599090317
30.8	-0.000023379981598561054
30.9	-0.000022812636512619834
31.	-0.000022262541286608534
31.1	-0.00002172919686586912
31.2	-0.00002121210419574354
31.3	-0.000020710764221573692
31.4	-0.000020224677888701544
31.5	-0.000019753346142468995
31.6	-0.000019296275510737437
31.7	-0.00001885306945842039
31.8	-0.00001842341358475496
31.9	-0.00001800699608544555
32.	-0.00001760350515619648
32.1	-0.000017212628992712123
32.2	-0.000016834055790696846
32.3	-0.00001646747374585504
32.4	-0.00001611257105389101
32.5	-0.000015769035910509136
32.6	-0.00001543655651141379
32.7	-0.00001511482105230933
32.8	-0.000014803517728900133
32.9	-0.000014502334736890527
33.	-0.000014210960271984879
33.1	-0.00001392908252988757
33.2	-0.00001365638970630295
33.3	-0.000013392569996935393
33.4	-0.000013137311597489234
33.5	-0.000012890302703668851
33.6	-0.000012651231511178597
33.7	-0.000012419786215722838
33.8	-0.000012195655013005955
33.9	-0.000011978526098732275
34.	-0.00001176808766860617
34.1	-0.000011564027918332002
34.2	-0.000011366035043614142
34.3	-0.000011173797240156958
34.4	-0.000010987002703664773
34.5	-0.00001080533962984198
34.6	-0.00001062849621439293
34.7	-0.000010456160653021988
34.8	-0.000010288021141433522
34.9	-0.000010123765875331876
35.	-9.963083050421416e-6
35.1	-9.80566086240651e-6
35.2	-9.651187506991512e-6
35.3	-9.499351179880801e-6
35.4	-9.349840076778711e-6
35.5	-9.202343585599976e-6
35.6	-9.05665727314832e-6
35.7	-8.912765079131395e-6
35.8	-8.77067028775793e-6
35.9	-8.630376183236595e-6
36.	-8.491886049776114e-6
36.1	-8.355203171585184e-6
36.2	-8.220330832872515e-6
36.3	-8.087272317846813e-6
36.4	-7.95603091071677e-6
36.5	-7.826609895691096e-6
36.6	-7.69901255697849e-6
36.7	-7.5732421787876645e-6
36.8	-7.449302045327325e-6
36.9	-7.327195440806164e-6
37.	-7.2069256494328895e-6
37.1	-7.088495955416207e-6
37.2	-6.971909642964819e-6
37.3	-6.857169996287438e-6
37.4	-6.7442802995927526e-6
37.5	-6.633243837089474e-6
37.6	-6.524063892986304e-6
37.7	-6.416743751491951e-6
37.8	-6.31128669681512e-6
37.9	-6.207696013164507e-6
38.	-6.105974984748819e-6
38.1	-6.006126895776762e-6
38.2	-5.908155030457035e-6
38.3	-5.812062672998353e-6
38.4	-5.717853107609405e-6
38.5	-5.625529618459125e-6
38.6	-5.5350889500232025e-6
38.7	-5.446503106637462e-6
38.8	-5.3597382432255425e-6
38.9	-5.274760514711074e-6
39.	-5.191536076017701e-6
39.1	-5.11003108206906e-6
39.2	-5.030211687788791e-6
39.3	-4.9520440481005385e-6
39.4	-4.875494317927928e-6
39.5	-4.800528652194606e-6
39.6	-4.727113205824209e-6
39.7	-4.655214133740377e-6
39.8	-4.584797590866753e-6
39.9	-4.515829732126965e-6
40.	-4.448276712444657e-6
40.1	-4.382104686743469e-6
40.2	-4.317279809947035e-6
40.3	-4.253768236979003e-6
40.4	-4.191536122763001e-6
40.5	-4.13054962222267e-6
40.6	-4.070774890281652e-6
40.7	-4.012178081863583e-6
40.8	-3.9547253518921076e-6
40.9	-3.898382855290853e-6
41.	-3.8431167469834655e-6
41.1	-3.78889318189358e-6
41.2	-3.73567831494484e-6
41.3	-3.683438301060882e-6
41.4	-3.6321392951653415e-6
41.5	-3.5817474521818585e-6
41.6	-3.5322289270340717e-6
41.7	-3.4835498746456213e-6
41.8	-3.4356764499401464e-6
41.9	-3.3885748078412814e-6
42.	-3.342211103272667e-6
42.1	-3.296551491157942e-6
42.2	-3.2515621264207445e-6
42.3	-3.2072091639847176e-6
42.4	-3.1634618307223252e-6
42.5	-3.120307704830205e-6
42.6	-3.0777411498265405e-6
42.7	-3.035756540136046e-6
42.8	-2.9943482501834404e-6
42.9	-2.9535106543934325e-6
43.	-2.9132381271907394e-6
43.1	-2.8735250430000783e-6
43.2	-2.834365776246164e-6
43.3	-2.7957547013537136e-6
43.4	-2.7576861927474365e-6
43.5	-2.720154624852053e-6
43.6	-2.6831543720922767e-6
43.7	-2.6466798088928223e-6
43.8	-2.610725309678408e-6
43.9	-2.575285248873744e-6
44.	-2.54035400090355e-6
44.1	-2.5059259401925383e-6
44.2	-2.471995441165425e-6
44.3	-2.438556878246929e-6
44.4	-2.405604625861759e-6
44.5	-2.3731330584346343e-6
44.6	-2.3411365503902693e-6
44.7	-2.3096094761533794e-6
44.8	-2.2785462101486814e-6
44.9	-2.247941126800887e-6
45.	-2.217788600534713e-6
45.1	-2.188083005774875e-6
45.2	-2.1588187169460885e-6
45.3	-2.1299901084730705e-6
45.4	-2.101591554780532e-6
45.5	-2.07361743029319e-6
45.6	-2.04606210943576e-6
45.7	-2.018919966632958e-6
45.8	-1.9921853763095012e-6
45.9	-1.9658527128900987e-6
46.	-1.93991635079947e-6
46.1	-1.9143706644623298e-6
46.2	-1.8892100283033937e-6
46.3	-1.8644288167473772e-6
46.4	-1.8400214042189935e-6
46.5	-1.8159821651429589e-6
46.6	-1.7923054739439886e-6
46.7	-1.7689857050467988e-6
46.8	-1.746017232876105e-6
46.9	-1.7233944907785514e-6
47.	-1.7011126971297029e-6
47.1	-1.679167628730269e-6
47.2	-1.6575550743275513e-6
47.3	-1.6362708226688504e-6
47.4	-1.6153106625014642e-6
47.5	-1.5946703825726947e-6
47.6	-1.5743457716298419e-6
47.7	-1.5543326184202063e-6
47.8	-1.5346267116910896e-6
47.9	-1.5152238401897898e-6
48.	-1.4961197926636086e-6
48.1	-1.4773103578598454e-6
48.2	-1.4587913245258016e-6
48.3	-1.4405584814087788e-6
48.4	-1.4226076172560743e-6
48.5	-1.4049345208149905e-6
48.6	-1.3875349808328266e-6
48.7	-1.3704047860568842e-6
48.8	-1.3535397252344638e-6
48.9	-1.3369355871128643e-6
49.	-1.3205881604393866e-6
49.1	-1.3044932339613317e-6
49.2	-1.2886465964259992e-6
49.3	-1.2730440365806908e-6
49.4	-1.2576813431727054e-6
49.5	-1.2425543049493437e-6
49.6	-1.2276587106579066e-6
49.7	-1.2129903490456937e-6
49.8	-1.198545008860007e-6
49.9	-1.1843184788481444e-6
50.	-1.1703065477574084e-6
50.1	-1.1565050043350977e-6
50.2	-1.1429096373285137e-6
50.3	-1.1295162354849576e-6
50.4	-1.1163205875517279e-6
50.5	-1.1033184822761253e-6
50.6	-1.090505708405451e-6
50.7	-1.0778780546870052e-6
50.8	-1.0654313098680887e-6
50.9	-1.053161262696001e-6
51.	-1.041063701918042e-6
51.1	-1.0291344162815134e-6
51.2	-1.0173691945337145e-6
51.3	-1.0057638254219477e-6
51.4	-9.943140976935103e-7
51.5	-9.830158000957046e-7
51.6	-9.718647213758306e-7
51.7	-9.608566502811885e-7
51.8	-9.499873755590794e-7
51.9	-9.392526859568025e-7
52.	-9.286483702216589e-7
52.1	-9.181705264662651e-7
52.2	-9.07817241644885e-7
52.3	-8.975873896842061e-7
52.4	-8.874798464632687e-7
52.5	-8.774934878611165e-7
52.6	-8.676271897567923e-7
52.7	-8.578798280293385e-7
52.8	-8.482502785577991e-7
52.9	-8.38737417221215e-7
53.	-8.293401198986298e-7
53.1	-8.20057262469086e-7
53.2	-8.108877208116264e-7
53.3	-8.018303708052941e-7
53.4	-7.928840883291312e-7
53.5	-7.840477492621802e-7
53.6	-7.753202294834846e-7
53.7	-7.667004048720867e-7
53.8	-7.581871513070295e-7
53.9	-7.497793446673553e-7
54.	-7.414758608321069e-7
54.1	-7.33275575680327e-7
54.2	-7.251773650910583e-7
54.3	-7.171801049433443e-7
54.4	-7.092826711162263e-7
54.5	-7.014839394887477e-7
54.6	-6.937827859399511e-7
54.7	-6.861780863488796e-7
54.8	-6.786687165945762e-7
54.9	-6.712535525560825e-7
55.	-6.639314701124415e-7
55.1	-6.567013451426966e-7
55.2	-6.495620535258895e-7
55.3	-6.425124711410644e-7
55.4	-6.355514738672625e-7
55.5	-6.28677937583527e-7
55.6	-6.218907381689007e-7
55.7	-6.151887515024265e-7
55.8	-6.085708534631474e-7
55.9	-6.020359199301048e-7
56.	-5.955828267823425e-7
56.1	-5.89210449898903e-7
56.2	-5.829176651588288e-7
56.3	-5.767033484411634e-7
56.4	-5.705663756249483e-7
56.5	-5.645056225892268e-7
56.6	-5.585199652130415e-7
56.7	-5.526082793754354e-7
56.8	-5.467694409554514e-7
56.9	-5.410023258321313e-7
57.	-5.353058098845183e-7
57.1	-5.296787689916552e-7
57.2	-5.241200790325844e-7
57.3	-5.186286158863496e-7
57.4	-5.132032554319922e-7
57.5	-5.078428735485556e-7
57.6	-5.025463461150822e-7
57.7	-4.97312549010615e-7
57.8	-4.921403581141969e-7
57.9	-4.870287197941668e-7
58.	-4.819769491286285e-7
58.1	-4.769844813480626e-7
58.2	-4.720507517487041e-7
58.3	-4.671751956267881e-7
58.4	-4.6235724827854836e-7
58.5	-4.5759634500022044e-7
58.6	-4.528919210880391e-7
58.7	-4.482434118382386e-7
58.8	-4.436502525470548e-7
58.9	-4.391118785107214e-7
59.	-4.346277250254735e-7
59.1	-4.3019722738754613e-7
59.2	-4.258198208931741e-7
59.3	-4.214949408385922e-7
59.4	-4.1722202252003477e-7
59.5	-4.1300050123373696e-7
59.6	-4.088298122759336e-7
59.7	-4.0470939094285936e-7
59.8	-4.0063867253074943e-7
59.9	-3.9661709233583813e-7
60.	-3.926440856543602e-7
60.1	-3.8871908778255074e-7
60.2	-3.848415340166444e-7
60.3	-3.8101085965287625e-7
60.4	-3.7722649998748065e-7
60.5	-3.7348789031669245e-7
60.6	-3.697944659367467e-7
60.7	-3.661456621438781e-7
60.8	-3.625409142343217e-7
60.9	-3.5897965750431175e-7
61.	-3.554613272500832e-7
61.1	-3.5198535876787106e-7
61.2	-3.4855118735390995e-7
61.3	-3.451582483044351e-7
61.4	-3.418059769156806e-7
61.5	-3.384938084838816e-7
61.6	-3.35221178305273e-7
61.7	-3.319875216760893e-7
61.8	-3.2879227389256585e-7
61.9	-3.256348702509368e-7
62.	-3.225147460474372e-7
62.1	-3.194313365783018e-7
62.2	-3.1638407713976557e-7
62.3	-3.1337240302806325e-7
62.4	-3.103957495394296e-7
62.5	-3.074535519700991e-7
62.6	-3.04545245616307e-7
62.7	-3.0167026577428783e-7
62.8	-2.9882804774027677e-7
62.9	-2.960180268105081e-7
63.	-2.9323963828121685e-7
63.1	-2.9049231744863777e-7
63.2	-2.8777549960900566e-7
63.3	-2.850886200585556e-7
63.4	-2.824311140935219e-7
63.5	-2.7980241701013955e-7
63.6	-2.7720196410464356e-7
63.7	-2.7462919067326836e-7
63.8	-2.720835320122491e-7
63.9	-2.695644234178203e-7
64.	-2.6707130018621683e-7
64.1	-2.646035976136736e-7
64.2	-2.6216075119568117e-7
64.3	-2.5974229016571317e-7
64.4	-2.573479867680726e-7
64.5	-2.5497765211195523e-7
64.6	-2.5263109730655553e-7
64.7	-2.5030813346106806e-7
64.8	-2.480085716846885e-7
64.9	-2.4573222308661106e-7
65.	-2.4347889877603134e-7
65.1	-2.4124840986214393e-7
65.2	-2.390405674541434e-7
65.3	-2.3685518266122532e-7
65.4	-2.3469206659258393e-7
65.5	-2.3255103035741495e-7
65.6	-2.304318850649128e-7
65.7	-2.2833444182427224e-7
65.8	-2.2625851174468872e-7
65.9	-2.2420390593535658e-7
66.	-2.221704355054713e-7
66.1	-2.201579115642276e-7
66.2	-2.1816614522082003e-7
66.3	-2.1619494758444414e-7
66.4	-2.142441297642942e-7
66.5	-2.1231350286956577e-7
66.6	-2.104028780094535e-7
66.7	-2.08512066293152e-7
66.8	-2.0664087882985682e-7
66.9	-2.047891267287622e-7
67.	-2.029566210990636e-7
67.1	-2.0114317304995587e-7
67.2	-1.993485936906335e-7
67.3	-1.9757269413029203e-7
67.4	-1.9581528547812578e-7
67.5	-1.940761788433302e-7
67.6	-1.9235518533509999e-7
67.7	-1.906521160626298e-7
67.8	-1.8896678213511513e-7
67.9	-1.8729899466175028e-7
68.	-1.856485647517307e-7
68.1	-1.8401530351425116e-7
68.2	-1.8239902205850622e-7
68.3	-1.807995314936914e-7
68.4	-1.79216642929001e-7
68.5	-1.7765016747363052e-7
68.6	-1.7609991623677465e-7
68.7	-1.74565700327628e-7
68.8	-1.7304733085538605e-7
68.9	-1.715446189292432e-7
69.	-1.7005737565839488e-7
69.1	-1.685854121520357e-7
69.2	-1.6712853951936048e-7
69.3	-1.656865688695645e-7
69.4	-1.642593113118422e-7
69.5	-1.6284657795538914e-7
69.6	-1.6144817990939976e-7
69.7	-1.6006392828306893e-7
69.8	-1.58693634185592e-7
69.9	-1.5733710872616338e-7
70.	-1.559941630139785e-7
70.1	-1.5466460815823202e-7
70.2	-1.533482552681187e-7
70.3	-1.5204491545283378e-7
70.4	-1.5075439982157195e-7
70.5	-1.4947651948352832e-7
70.6	-1.482110855478978e-7
70.7	-1.46957909123875e-7
70.8	-1.4571680132065528e-7
70.9	-1.4448757324743318e-7
71.	-1.4327003601340396e-7
71.1	-1.420640007277624e-7
71.2	-1.4086928776327097e-7
71.3	-1.3968578353742716e-7
71.4	-1.385134031484813e-7
71.5	-1.373520618113722e-7
71.6	-1.3620167474103786e-7
71.7	-1.3506215715241647e-7
71.8	-1.339334242604466e-7
71.9	-1.3281539128006623e-7
72.	-1.3170797342621397e-7
72.1	-1.3061108591382805e-7
72.2	-1.2952464395784647e-7
72.3	-1.2844856277320792e-7
72.4	-1.2738275757485036e-7
72.5	-1.2632714357771234e-7
72.6	-1.2528163599673207e-7
72.7	-1.2424615004684767e-7
72.8	-1.2322060094299778e-7
72.9	-1.2220490390012028e-7
73.	-1.2119897413315385e-7
73.1	-1.2020272685703664e-7
73.2	-1.1921607728670672e-7
73.3	-1.1823894063710276e-7
73.4	-1.172712321231627e-7
73.5	-1.1631286695982516e-7
73.6	-1.1536376036202828e-7
73.7	-1.1442382754471021e-7
73.8	-1.1349298372280952e-7
73.9	-1.1257114411126421e-7
74.	-1.1165822392501289e-7
74.1	-1.107541383789937e-7
74.2	-1.0985880268814479e-7
74.3	-1.0897213206740469e-7
74.4	-1.0809404173171148e-7
74.5	-1.0722444689600372e-7
74.6	-1.063632627752195e-7
74.7	-1.055104045842971e-7
74.8	-1.0466578753817493e-7
74.9	-1.0382932685179113e-7
75.	-1.0300093774008419e-7
75.1	-1.0218053541799235e-7
75.2	-1.013680351004537e-7
75.3	-1.0056335200240682e-7
75.4	-9.976640133878977e-8
75.5	-9.897709832454106e-8
75.6	-9.819535817459885e-8
75.7	-9.742109610390131e-8
75.8	-9.665422732738706e-8
75.9	-9.589466705999407e-8
76.	-9.514233051666086e-8
76.1	-9.439713291232563e-8
76.2	-9.365898946192659e-8
76.3	-9.292781538040222e-8
76.4	-9.220352588269062e-8
76.5	-9.148603618373027e-8
76.6	-9.077526149845935e-8
76.7	-9.00711170418161e-8
76.8	-8.937351802873897e-8
76.9	-8.86823796741661e-8
77.	-8.79976171930359e-8
77.1	-8.731914580028667e-8
77.2	-8.664688071085652e-8
77.3	-8.598073713968397e-8
77.4	-8.53206303017071e-8
77.5	-8.466647541186442e-8
77.6	-8.401818768509414e-8
77.7	-8.337568233633442e-8
77.8	-8.273887458052377e-8
77.9	-8.210767963260029e-8
78.	-8.148201270750246e-8
78.1	-8.086178902016845e-8
78.2	-8.02469237855365e-8
78.3	-7.963733221854508e-8
78.4	-7.90329295341323e-8
78.5	-7.843363094723662e-8
78.6	-7.783935168830178e-8
78.7	-7.725001915463802e-8
78.8	-7.666559471310554e-8
78.9	-7.608604561296805e-8
79.	-7.551133910348963e-8
79.1	-7.494144243393408e-8
79.2	-7.43763228535652e-8
79.3	-7.381594761164704e-8
79.4	-7.326028395744331e-8
79.5	-7.270929914021809e-8
79.6	-7.216296040923515e-8
79.7	-7.162123501375833e-8
79.8	-7.108409020305166e-8
79.9	-7.055149322637886e-8
80.	-7.002341133300399e-8
80.1	-6.949981177219085e-8
80.2	-6.898066179320324e-8
80.3	-6.846592864530521e-8
80.4	-6.795557957776051e-8
80.5	-6.744958183983315e-8
80.6	-6.694790268078698e-8
80.7	-6.645050934988578e-8
80.8	-6.59573690963936e-8
80.9	-6.546844916957413e-8
81.	-6.498371681869146e-8
81.1	-6.450313929300939e-8
81.2	-6.402668384179177e-8
81.3	-6.355431771430254e-8
81.4	-6.308600815980553e-8
81.5	-6.262172242756472e-8
81.6	-6.216142776684396e-8
81.7	-6.170509142690704e-8
81.8	-6.1252680657018e-8
81.9	-6.080416270644058e-8
82.	-6.03595048244388e-8
82.1	-5.991867426027647e-8
82.2	-5.9481638263217454e-8
82.3	-5.904836408252573e-8
82.4	-5.861881896746508e-8
82.5	-5.819297016729948e-8
82.6	-5.777078493129281e-8
82.7	-5.735223050870884e-8
82.8	-5.693727414881162e-8
82.9	-5.65258831008649e-8
83.	-5.611802461413266e-8
83.1	-5.571366593787878e-8
83.2	-5.531277432136704e-8
83.3	-5.4915317013861487e-8
83.4	-5.452126126462586e-8
83.5	-5.413057432292416e-8
83.6	-5.374322343802023e-8
83.7	-5.335917585917789e-8
83.8	-5.2978398835661154e-8
83.9	-5.2600859616733795e-8
84.	-5.222652545165979e-8
84.1	-5.1855363589703e-8
84.2	-5.1487341280127225e-8
84.3	-5.112242577219649e-8
84.4	-5.076058431517455e-8
84.5	-5.0401784158325414e-8
84.6	-5.004599255091292e-8
84.7	-4.969317674220087e-8
84.8	-4.9343303981453305e-8
84.9	-4.899634151793396e-8
85.	-4.8652256600906865e-8
85.1	-4.8311016479635834e-8
85.2	-4.79725884033847e-8
85.3	-4.763693962141745e-8
85.4	-4.7304037382997885e-8
85.5	-4.697384893738998e-8
85.6	-4.664634153385757e-8
85.7	-4.632148242166452e-8
85.8	-4.599923885007478e-8
85.9	-4.567957806835213e-8
86.	-4.5362467325760606e-8
86.1	-4.5047873871564e-8
86.2	-4.473576495502617e-8
86.3	-4.442610782541109e-8
86.4	-4.4118869731982554e-8
86.5	-4.381401792400455e-8
86.6	-4.351151970689661e-8
86.7	-4.321134829612369e-8
86.8	-4.2913487937790226e-8
86.9	-4.261792408504562e-8
87.	-4.232464219103943e-8
87.1	-4.203362770892111e-8
87.2	-4.17448660918401e-8
87.3	-4.1458342792945966e-8
87.4	-4.117404326538811e-8
87.5	-4.0891952962316114e-8
87.6	-4.06120573368794e-8
87.7	-4.0334341842227433e-8
87.8	-4.005879193150977e-8
87.9	-3.978539305787582e-8
88.	-3.951413067447516e-8
88.1	-3.9244990234457206e-8
88.2	-3.897795719097143e-8
88.3	-3.8713016997167396e-8
88.4	-3.845015510619448e-8
88.5	-3.81893569712023e-8
88.6	-3.793060804534025e-8
88.7	-3.767389378175781e-8
88.8	-3.741919963360453e-8
88.9	-3.7166511054029834e-8
89.	-3.691581349618325e-8
89.1	-3.6667092413214266e-8
89.2	-3.6420333258272305e-8
89.3	-3.617552148450694e-8
89.4	-3.5932642545067574e-8
89.5	-3.5691681893103765e-8
89.6	-3.545262498176498e-8
89.7	-3.5215457264200645e-8
89.8	-3.498016419356034e-8
89.9	-3.474673122299345e-8
90.	-3.451514380564956e-8
90.1	-3.428538739467812e-8
90.2	-3.405744744322855e-8
90.3	-3.383130940445046e-8
90.4	-3.36069587314932e-8
90.5	-3.338438087750637e-8
90.6	-3.3163561295639414e-8
90.7	-3.2944485439041766e-8
90.8	-3.272713876086301e-8
90.9	-3.251150671425254e-8
91.	-3.2297574752359915e-8
91.1	-3.2085328328334585e-8
91.2	-3.1874752895326014e-8
91.3	-3.1665833906483745e-8
91.4	-3.145855681495721e-8
91.5	-3.1252907073895924e-8
91.6	-3.104887013644938e-8
91.7	-3.084643145576702e-8
91.8	-3.0645576484998386e-8
91.9	-3.044629067729292e-8
92.	-3.024855948580014e-8
92.1	-3.0052368363669514e-8
92.2	-2.985770276405052e-8
92.3	-2.9664548140092668e-8
92.4	-2.9472889944945403e-8
92.5	-2.928271363175827e-8
92.6	-2.9094004653680723e-8
92.7	-2.8906748463862222e-8
92.8	-2.872093051545231e-8
92.9	-2.8536536261600405e-8
93.	-2.8353551155456062e-8
93.1	-2.8171960650168732e-8
93.2	-2.7991750198887875e-8
93.3	-2.7812905254763034e-8
93.4	-2.7635411270943643e-8
93.5	-2.7459253700579223e-8
93.6	-2.7284417996819264e-8
93.7	-2.7110889612813208e-8
93.8	-2.693865400171058e-8
93.9	-2.676769661666084e-8
94.	-2.6598002910813504e-8
94.1	-2.642955833731805e-8
94.2	-2.626234834932393e-8
94.3	-2.6096358399980683e-8
94.4	-2.5931573942437732e-8
94.5	-2.5767980429844623e-8
94.6	-2.5605563315350827e-8
94.7	-2.5444308052105793e-8
94.8	-2.528420009325905e-8
94.9	-2.512522489196005e-8
95.	-2.4967367901358314e-8
95.1	-2.4810614666098344e-8
95.2	-2.4654954206942874e-8
95.3	-2.450038001408722e-8
95.4	-2.4346885871827037e-8
95.5	-2.4194465564458055e-8
95.6	-2.404311287627598e-8
95.7	-2.389282159157647e-8
95.8	-2.3743585494655274e-8
95.9	-2.3595398369808055e-8
96.	-2.344825400133056e-8
96.1	-2.3302146173518464e-8
96.2	-2.315706867066745e-8
96.3	-2.3013015277073262e-8
96.4	-2.286997977703155e-8
96.5	-2.272795595483806e-8
96.6	-2.2586937594788487e-8
96.7	-2.2446918481178492e-8
96.8	-2.2307892398303832e-8
96.9	-2.2169853130460162e-8
97.	-2.2032794461943222e-8
97.1	-2.1896710177048694e-8
97.2	-2.1761594060072264e-8
97.3	-2.162743989530967e-8
97.4	-2.1494241467056576e-8
97.5	-2.1361992559608712e-8
97.6	-2.123068695726177e-8
97.7	-2.1100318444311433e-8
97.8	-2.0970880805053436e-8
97.9	-2.0842367823783455e-8
98.	-2.071477328479721e-8
98.1	-2.0588090972390387e-8
98.2	-2.046231467085868e-8
98.3	-2.033743816449782e-8
98.4	-2.0213455237603472e-8
98.5	-2.0090359674471374e-8
98.6	-1.996814525939721e-8
98.7	-1.9846805776676663e-8
98.8	-1.9726335010605473e-8
98.9	-1.9606726745479302e-8
99.	-1.9487974765593883e-8
99.1	-1.937007285524491e-8
99.2	-1.9253014798728053e-8
99.3	-1.913679438033907e-8
99.4	-1.9021405384373604e-8
99.5	-1.8906841595127404e-8
99.6	-1.879309679689615e-8
99.7	-1.8680164773975534e-8
99.8	-1.8568039310661275e-8
99.9	-1.8456714191249057e-8
100.	-1.834618320003461e-8
105.	-1.3695289373655862e-8
110.	-1.0355442270032435e-8
115.	-7.934497847859539e-9
120.	-6.144527396671061e-9
125.	-4.811004948880563e-9
130.	-3.801190611451203e-9
135.	-3.031841530055262e-9
140.	-2.4368510695490624e-9
145.	-1.974715894320466e-9
150.	-1.6108897790639724e-9
155.	-1.3234400841598101e-9
160.	-1.093776099490146e-9
165.	-9.093993124749614e-10
170.	-7.60317020111184e-10
175.	-6.388629874293433e-10
180.	-5.396039608416497e-10
185.	-4.5774041933980676e-10
190.	-3.900850098728182e-10
195.	-3.3379557195931515e-10
200.	-2.86729714728869e-10
205.	-2.4727785908717805e-10
210.	-2.1396973306714143e-10
215.	-1.8579923774618287e-10
220.	-1.6187045271434023e-10
225.	-1.4143896793460086e-10
230.	-1.2397279257352032e-10
235.	-1.0896505020350217e-10
240.	-9.602875649382985e-11
245.	-8.486069424141697e-11
250.	-7.517082728971544e-11
255.	-6.674730917595643e-11
260.	-5.941092926338019e-11
265.	-5.299234759776658e-11
270.	-4.7369301168548116e-11
275.	-4.24336999967825e-11
280.	-3.8083931394292616e-11
285.	-3.424627247233198e-11
290.	-3.0854508517040196e-11
295.	-2.7845881381717073e-11
300.	-2.5174255852049648e-11
305.	-2.2798487658630094e-11
310.	-2.067887943863069e-11
315.	-1.878548066651248e-11
320.	-1.709236701614462e-11
325.	-1.557405000702292e-11
330.	-1.4210332498830745e-11
335.	-1.2984616683104782e-11
340.	-1.1880432959689656e-11
345.	-1.0883713544989869e-11
350.	-9.983567646586123e-12
355.	-9.16932282255832e-12
360.	-8.43105879539998e-12
365.	-7.761305905644574e-12
370.	-7.153092748189755e-12
375.	-6.599568871467248e-12
380.	-6.095251754881063e-12
385.	-5.635523628457037e-12
390.	-5.215782738917514e-12
395.	-4.831870581036526e-12
400.	-4.480588815683675e-12
405.	-4.158864674217933e-12
410.	-3.86367745880642e-12
415.	-3.5925870798711108e-12
420.	-3.34351662266822e-12
425.	-3.1143947849870588e-12
430.	-2.9032881859326462e-12
435.	-2.7087006890086728e-12
440.	-2.5292226028114272e-12
445.	-2.3634493213747194e-12
450.	-2.2101623386344137e-12
455.	-2.068378396232456e-12
460.	-1.9371293203541916e-12
465.	-1.815462255774512e-12
470.	-1.7025964716528575e-12
475.	-1.5978595217067471e-12
480.	-1.5005806442073832e-12
485.	-1.4101117032830456e-12
490.	-1.3259364058931542e-12
495.	-1.2475860838912346e-12
500.	-1.1745921338611173e-12
550.	-6.630171148979402e-13
600.	-3.933680084942473e-13
650.	-2.4334630555140726e-13
700.	-1.5599664183640568e-13
750.	-1.0311865537833324e-13
800.	-7.001099994306574e-14
850.	-4.866237051946493e-14
900.	-3.45343990338868e-14
950.	-2.4966937541383055e-14
1000.	-1.8352983479015452e-14
1050.	-1.36952662722343e-14
1100.	-1.0359762907446995e-14
1150.	-7.934488469929132e-15
1200.	-6.146375254666525e-15
1250.	-4.811128877023421e-15
1300.	-3.802300466138821e-15
1350.	-3.031822020581244e-15
1400.	-2.4374668291921196e-15
1450.	-1.9746892001962145e-15
1500.	-1.6112351986874875e-15
1550.	-1.3234784285324914e-15
1600.	-1.0939228874154131e-15
1650.	-9.095010627605271e-16
1700.	-7.603495252958111e-16
1750.	-6.389671056667919e-16
1800.	-5.395999120890646e-16
1850.	-4.578006878586166e-16
1900.	-3.9010839350524233e-16
1950.	-3.338099056096671e-16
2000.	-2.867654799376731e-16
2050.	-2.4727706445523e-16
2100.	-2.1398879335262584e-16
2150.	-1.8581308848886423e-16
2200.	-1.618716424004407e-16
2250.	-1.4145288872527846e-16
2300.	-1.2397668291792712e-16
2350.	-1.0896817659677477e-16
2400.	-9.603721229499035e-17
2450.	-8.486146145802676e-17
2500.	-7.517385694238643e-17
2550.	-6.675224983548792e-17
2600.	-5.941101289437328e-17
2650.	-5.2994607473819884e-17
2700.	-4.73722881876309e-17
2750.	-4.243369949874886e-17
2800.	-3.8085425847128166e-17
2850.	-3.424820181034164e-17
2900.	-3.0854534015446834e-17
2950.	-2.7846778800493556e-17
3000.	-2.5175580647283355e-17
3050.	-2.2798586682690287e-17
3100.	-2.0679346204151492e-17
3150.	-1.8786406066884968e-17
3200.	-1.709256319596592e-17
3250.	-1.5574239810949614e-17
3300.	-1.421095753224445e-17
3350.	-1.298488582386781e-17
3400.	-1.1880466900699708e-17
3450.	-1.0884098972906162e-17
3500.	-9.98386720228629e-18
3550.	-9.169315482444508e-18
3600.	-8.431250638613311e-18
3650.	-7.761574048202471e-18
3700.	-7.153138840978498e-18
3750.	-6.5996273549457994e-18
3800.	-6.095445684755756e-18
3850.	-5.635632766337119e-18
3900.	-5.215781860884904e-18
3950.	-4.8319727273298355e-18
4000.	-4.48071255525073e-18
4050.	-4.158884698350942e-18
4100.	-3.8637042163152946e-18
4150.	-3.592679123952579e-18
4200.	-3.343576557170027e-18
4250.	-3.1143931844866626e-18
4300.	-2.9033292905745847e-18
4350.	-2.708766041021871e-18
4400.	-2.529245507581754e-18
4450.	-2.3634530926399197e-18
4500.	-2.2102020421842077e-18
4550.	-2.0684197796062723e-18
4600.	-1.9371358293778326e-18
4650.	-1.81547113100814e-18
4700.	-1.7026285707503959e-18
4750.	-1.597884580736247e-18
4800.	-1.500581675269292e-18
4850.	-1.4101218128783537e-18
4900.	-1.3259604845456861e-18
4950.	-1.2476014421956807e-18
5000.	-1.1745919925600292e-18
5500.	-6.630265519791134e-19
6000.	-3.9336847116026497e-19
6500.	-2.4334751065546767e-19
7000.	-1.5599792324176075e-19
7500.	-1.0311918681944869e-19
8000.	-7.001113830247918e-20
8500.	-4.866239759140152e-20
9000.	-3.4534406937449243e-20
9500.	-2.4966946593443668e-20
10000.	-1.8352999802557622e-20
20000.	-2.867656242974567e-22
30000.	-2.5175582972638172e-23
40000.	-4.4807128896207956e-24
50000.	-1.1745919996237338e-24
60000.	-3.933684841876371e-25
70000.	-1.559979260301861e-25
80000.	-7.00111389087825e-26
90000.	-3.45344073915663e-26
100000.	-1.835300000993591e-26