5.3	-2.7550172831021187
5.4	-2.6063836401132208
5.5	-2.7123502458826168
5.6	-2.8678955382071316
5.7	-1.8596387860040688
5.8	0.4669249105810445
5.9	2.315019634620764
6.	2.9484999891595898
6.1	3.1518442122814
6.2	3.3371870245480757
6.3	3.4852296793412774
6.4	3.5969099177401787
6.5	3.6965410823840763
6.6	3.790764357260911
6.7	3.877349224166077
6.8	3.9571074297331346
6.9	4.0317890372880125
7.	4.102084553495651
7.1	4.168345043593458
7.2	4.230767575641895
7.3	4.289538829706375
7.4	4.3448899180319405
7.5	4.396972518550153
7.6	4.445795631397555
7.7	4.491444379973353
7.8	4.534114484700111
7.9	4.573942523872947
8.	4.611003535305021
8.1	4.645387313003985
8.2	4.6771950502517425
8.3	4.706521026232073
8.4	4.7334563741757245
8.5	4.758096151397154
8.6	4.780534699298074
8.7	4.800856300829966
8.8	4.81914230052438
8.9	4.8354702920787584
9.	4.849913513108026
9.1	4.862545553521067
9.2	4.873443012334186
9.3	4.882682987090383
9.4	4.890325514809423
9.5	4.896408668703594
9.6	4.900968916153893
9.7	4.904041827698023
9.8	4.9056626574320825
9.9	4.905863026504695
10.	4.904641221102549
10.1	4.901977606948403
10.2	4.897852377533071
10.3	4.892241306463829
10.4	4.885099916871749
10.5	4.876377935730989
10.6	4.866025249622502
10.7	4.854039315593084
10.8	4.840531363833952
10.9	4.825629276516239
11.	4.80946199967296
11.1	4.792200858570032
11.2	4.774072829009955
11.3	4.755308666825898
11.4	4.73613912785103
11.5	4.716794967918512
11.6	4.69749311176324
11.7	4.678320273185977
11.8	4.6592917134853105
11.9	4.64042195840712
12.	4.621725533697283
12.1	4.603216964535725
12.2	4.584907264100802
12.3	4.5667956176452345
12.4	4.548878723045234
12.5	4.531153278177008
12.6	4.513615980916769
12.7	4.496263529140721
12.8	4.4790929407377345
12.9	4.462103941740132
13.	4.44529762054534
13.1	4.4286750758880835
13.2	4.412237429641508
13.3	4.395987046631444
13.4	4.379928139029054
13.5	4.364065069004267
13.6	4.348402198727021
13.7	4.332943896547339
13.8	4.317694973077925
13.9	4.3026609690270154
14.	4.287847493423647
14.1	4.27326015529686
14.2	4.258903964261532
14.3	4.244780692376521
14.4	4.230891023579245
14.5	4.217235640997407
14.6	4.203815227758701
14.7	4.190630543174252
14.8	4.177682810837741
14.9	4.164973429230639
15.	4.152503797153436
15.1	4.140275262670955
15.2	4.128287693588148
15.3	4.116539279103583
15.4	4.105028117814132
15.5	4.093752308316667
15.6	4.082709935478698
15.7	4.071898588012378
15.8	4.061315231038032
15.9	4.050956790041061
16.	4.040820190506868
16.1	4.030902310361906
16.2	4.021199839114127
16.3	4.011709419616842
16.4	4.002427694723366
16.5	3.9933513072870093
16.6	3.9844768359862295
16.7	3.9758005734409245
16.8	3.9673187325960755
16.9	3.9590275263932977
17.	3.9509231702038528
17.1	3.943001923199013
17.2	3.935260082533717
17.3	3.927693946621864
17.4	3.920299813877353
17.5	3.913073981115319
17.6	3.9060127108922473
17.7	3.899112232846546
17.8	3.892368775286094
17.9	3.8857785665187725
18.	3.879337834852465
18.1	3.8730428095220937
18.2	3.86688988105293
18.3	3.8608757838940493
18.4	3.8549972966559745
18.5	3.84925119794923
18.6	3.843634266384342
18.7	3.838143280571833
18.8	3.832775019122225
18.9	3.8275262606460445
19.	3.8223937837538147
19.1	3.817374367056061
19.2	3.8124647891633057
19.3	3.807661931439832
19.4	3.8029632700388
19.5	3.798366494625651
19.6	3.793869295142601
19.7	3.7894693615318644
19.8	3.785164383735656
19.9	3.7809520516961914
20.	3.7768300553556866
20.1	3.7727960846563544
20.2	3.7688478295404124
20.3	3.764982979950074
20.4	3.761199225827555
20.5	3.7574942571150705
20.6	3.7538657637548343
20.7	3.750311435689064
20.8	3.7468289631444365
20.9	3.7434162214969633
21.	3.7400715900930255
21.1	3.7367935332226927
21.2	3.733580515176037
21.3	3.730431000243129
21.4	3.7273434527140394
21.5	3.7243163368788395
21.6	3.7213481170276004
21.7	3.7184372574503914
21.8	3.715582222437286
21.9	3.712781476278353
22.	3.710033483263664
22.1	3.7073367076832904
22.2	3.704689613827301
22.3	3.7020906659857693
22.4	3.699538328448765
22.5	3.6970310655063594
22.6	3.6945673414486224
22.7	3.6921456230817795
22.8	3.68976474048091
22.9	3.6874242633231997
23.	3.685123851219183
23.1	3.682863163779398
23.2	3.680641860614379
23.3	3.6784596013346627
23.4	3.6763160455507857
23.5	3.6742108528732826
23.6	3.6721436829126892
23.7	3.670114195279543
23.8	3.66812204958438
23.9	3.666166905437734
24.	3.6642484224501426
24.1	3.662366260232142
24.2	3.6605200783942675
24.3	3.6587095365470543
24.4	3.65693429430104
24.5	3.6551940112667594
24.6	3.6534883409627663
24.7	3.6518165773387037
24.8	3.650177460407055
24.9	3.6485696829243537
25.	3.646991937647137
25.1	3.6454429173319345
25.2	3.6439213147352816
25.3	3.642425822613714
25.4	3.6409551337237644
25.5	3.6395079408219666
25.6	3.6380829366648557
25.7	3.6366788140089636
25.8	3.6352942656108267
25.9	3.633927984226978
26.	3.632578662613952
26.1	3.6312449935282802
26.2	3.6299256697265014
26.3	3.628619383965145
26.4	3.627324829000748
26.5	3.6260407201765243
26.6	3.624766480408827
26.7	3.6235023637665527
26.8	3.622248671822099
26.9	3.6210057061478644
27.	3.6197737683162456
27.1	3.61855315989964
27.2	3.6173441824704473
27.3	3.616147137601063
27.4	3.614962326863885
27.5	3.6137900518313115
27.6	3.6126306140757394
27.7	3.6114843151695672
27.8	3.610351456685191
27.9	3.6092323401950095
28.	3.6081272672714206
28.1	3.6070365394868205
28.2	3.6059604584136076
28.3	3.6048993256241793
28.4	3.6038534426909345
28.5	3.6028231111862685
28.6	3.6018086326825807
28.7	3.6008103087522683
28.8	3.5998284409677272
28.9	3.598863330901358
29.	3.5979152787762216
29.1	3.5969844078344098
29.2	3.5960704899613543
29.3	3.59517325558772
29.4	3.5942924351441765
29.5	3.5934277590613903
29.6	3.5925789577700282
29.7	3.5917457617007607
29.8	3.590927901284251
29.9	3.590125106951168
30.	3.5893371091321797
30.1	3.5885636382579547
30.2	3.587804424759155
30.3	3.587059199066454
30.4	3.5863276916105162
30.5	3.585609632822009
30.6	3.584904753131599
30.7	3.5842127829699564
30.8	3.583533452767745
30.9	3.582866492955635
31.	3.582211633964292
31.1	3.581568606224383
31.2	3.580937140166577
31.3	3.580316966221541
31.4	3.5797078148199417
31.5	3.579109416392446
31.6	3.5785215013697234
31.7	3.577943800182439
31.8	3.577376043261259
31.9	3.5768179610368547
32.	3.5762692839398906
32.1	3.5757297424010344
32.2	3.575199066850955
32.3	3.5746769877203173
32.4	3.5741632354397903
32.5	3.573657540440041
32.6	3.573159633151737
32.7	3.572669244005544
32.8	3.5721861034321316
32.9	3.5717099418621654
33.	3.571240489726314
33.1	3.5707774774552443
33.2	3.5703206354796233
33.3	3.569869694230119
33.4	3.5694243841373976
33.5	3.568984435632127
33.6	3.568549579144976
33.7	3.568119545106609
33.8	3.5676940639476955
33.9	3.567272866098903
34.	3.5668556819908988
34.1	3.566442266942322
34.2	3.5660325336471024
34.3	3.5656264561351976
34.4	3.5652240085755387
34.5	3.5648251651370537
34.6	3.564429899988673
34.7	3.5640381872993268
34.8	3.563650001237944
34.9	3.5632653159734544
35.	3.562884105674788
35.1	3.5625063445108736
35.2	3.5621320066506414
35.3	3.561761066263021
35.4	3.5613934975169412
35.5	3.561029274581332
35.6	3.5606683716251246
35.7	3.560310762817247
35.8	3.559956422326629
35.9	3.5596053243222006
36.	3.5592574429728905
36.1	3.558912752447629
36.2	3.558571226915348
36.3	3.558232840544972
36.4	3.5578975675054356
36.5	3.5575653819656647
36.6	3.557236258094592
36.7	3.556910170061144
36.8	3.556587092034254
36.9	3.556266998182848
37.	3.5559498626758574
37.1	3.555635659682213
37.2	3.555324363370843
37.3	3.5550159479106758
37.4	3.5547103874706436
37.5	3.554407656219674
37.6	3.5541077283266973
37.7	3.5538105779606433
37.8	3.5535161792904417
37.9	3.5532245064850216
38.	3.552935533713314
38.1	3.552649235144247
38.2	3.5523655849467506
38.3	3.552084557289754
38.4	3.5518061263421883
38.5	3.5515302662729815
38.6	3.5512569512510637
38.7	3.550986155445366
38.8	3.550717853024816
38.9	3.550452018158344
39.	3.5501886250148793
39.1	3.549927647763353
39.2	3.549669060572692
39.3	3.5494128376118286
39.4	3.549158953049692
39.5	3.54890738105521
39.6	3.5486580957973137
39.7	3.548411071444933
39.8	3.5481662821669975
39.9	3.5479237021324352
40.	3.5476833055101764
40.1	3.5474450664691526
40.2	3.5472089591782905
40.3	3.5469749578065226
40.4	3.5467430365227757
40.5	3.5465131694959817
40.6	3.546285330895069
40.7	3.5460594948889685
40.8	3.5458356356466076
40.9	3.545613727336918
41.	3.545393744128828
41.1	3.545175660191269
41.2	3.544959449693168
41.3	3.5447450868034576
41.4	3.544532545691064
41.5	3.54432180052492
41.6	3.544112825508743
41.7	3.5439055986564023
41.8	3.543700105175993
41.9	3.543496331074181
42.	3.5432942623576356
42.1	3.543093885033023
42.2	3.5428951851070107
42.3	3.542698148586268
42.4	3.5425027614774613
42.5	3.5423090097872585
42.6	3.542116879522328
42.7	3.541926356689337
42.8	3.5417374272949527
42.9	3.5415500773458426
43.	3.541364292848676
43.1	3.5411800598101184
43.2	3.5409973642368393
43.3	3.540816192135506
43.4	3.5406365295127857
43.5	3.540458362375346
43.6	3.540281676729855
43.7	3.54010645858298
43.8	3.53993269394139
43.9	3.53976036881175
44.	3.5395894692007297
44.1	3.539419981114997
44.2	3.5392518905612183
44.3	3.5390851835460624
44.4	3.5389198460761957
44.5	3.5387558641582886
44.6	3.538593223799005
44.7	3.5384319110050138
44.8	3.538271911782985
44.9	3.5381132121395837
45.	3.537955798081479
45.1	3.537799655615338
45.2	3.537644770747828
45.3	3.537491129485617
45.4	3.5373387178353735
45.5	3.537187521803764
45.6	3.5370375273974575
45.7	3.5368887206231197
45.8	3.536741087487419
45.9	3.536594613997025
46.	3.5364492861586028
46.1	3.5363050899788218
46.2	3.53616201146435
46.3	3.536020036621852
46.4	3.535879151457998
46.5	3.5357393419794567
46.6	3.535600594192893
46.7	3.535462894104976
46.8	3.5353262277223743
46.9	3.5351905810517543
47.	3.5350559400997836
47.1	3.53492229087313
47.2	3.5347896193784623
47.3	3.5346579116224475
47.4	3.534527153611751
47.5	3.5343973313530443
47.6	3.534268430852993
47.7	3.534140438118266
47.8	3.534013339155529
47.9	3.5338871199714506
48.	3.5337617665726992
48.1	3.533637264965942
48.2	3.5335136011578476
48.3	3.5333907611550823
48.4	3.5332687309643136
48.5	3.533147496592209
48.6	3.533027044045438
48.7	3.5329073593306672
48.8	3.5327884284545643
48.9	3.532670237423797
49.	3.532552772245033
49.1	3.5324360189249395
49.2	3.532319963470185
49.3	3.5322045918874374
49.4	3.532089890183363
49.5	3.5319758443646316
49.6	3.5318624404379086
49.7	3.5317496644098627
49.8	3.531637502419405
49.9	3.5315259467048916
50.	3.531414998031983
50.1	3.5313046578013148
50.2	3.531194927413518
50.3	3.531085808269227
50.4	3.5309773017690746
50.5	3.530869409313693
50.6	3.5307621323037184
50.7	3.5306554721397814
50.8	3.5305494302225156
50.9	3.5304440079525548
51.	3.5303392067305324
51.1	3.5302350279570796
51.2	3.530131473032831
51.3	3.5300285433584215
51.4	3.5299262403344818
51.5	3.5298245653616473
51.6	3.529723519840548
51.7	3.5296231051718205
51.8	3.5295233227560967
51.9	3.529424173994009
52.	3.5293256602861915
52.1	3.529227783033278
52.2	3.5291305436358997
52.3	3.529033943494692
52.4	3.5289379840102866
52.5	3.528842666583318
52.6	3.5287479926144183
52.7	3.5286539635042207
52.8	3.5285605806533598
52.9	3.5284678454624667
53.	3.528375759332177
53.1	3.528284323663121
53.2	3.5281935398559345
53.3	3.5281034093112495
53.4	3.5280139334297003
53.5	3.5279251136119183
53.6	3.527836951258538
53.7	3.5277494477701925
53.8	3.5276626045475146
53.9	3.527576422991138
54.	3.5274909045016956
54.1	3.5274060504798204
54.2	3.5273218623261458
54.3	3.527238341441305
54.4	3.5271554892259327
54.5	3.527073307080659
54.6	3.5269917964061195
54.7	3.5269109586029463
54.8	3.526830795071774
54.9	3.526751307213234
55.	3.5266724964279605
55.1	3.526594364116587
55.2	3.526516911679746
55.3	3.52644014051807
55.4	3.5263640520321946
55.5	3.526288647622752
55.6	3.526213928690374
55.7	3.5261398966356943
55.8	3.526066552859348
55.9	3.525993898761967
56.	3.5259219357441833
56.1	3.525850665206632
56.2	3.5257800885499453
56.3	3.5257102071747566
56.4	3.525641022481699
56.5	3.5255725358714067
56.6	3.5255047487445115
56.7	3.5254376625016475
56.8	3.5253712785434477
56.9	3.525305598270545
57.	3.5252406230835733
57.1	3.525176354383166
57.2	3.5251127935699547
57.3	3.5250499420445736
57.4	3.524987801207656
57.5	3.524926372459835
57.6	3.5248656572017443
57.7	3.5248056568340167
57.8	3.524746372757285
57.9	3.524687806372182
58.	3.5246299588911354
58.1	3.524572826855031
58.2	3.5245164019344806
58.3	3.5244606755721093
58.4	3.524405639210549
58.5	3.5243512842924285
58.6	3.5242976022603747
58.7	3.524244584557018
58.8	3.5241922226249893
58.9	3.5241405079069144
59.	3.5240894318454252
59.1	3.5240389858831493
59.2	3.523989161462716
59.3	3.523939950026754
59.4	3.5238913430178944
59.5	3.5238433318787634
59.6	3.5237959080519916
59.7	3.5237490629802086
59.8	3.5237027881060428
59.9	3.5236570748721228
60.	3.5236119147210783
60.1	3.523567299095538
60.2	3.5235232194381307
60.3	3.523479667191488
60.4	3.523436633798236
60.5	3.523394110701005
60.6	3.5233520893424233
60.7	3.5233105611651214
60.8	3.5232695176117272
60.9	3.52322895012487
61.	3.523188850147179
61.1	3.523149209121284
61.2	3.523110018489814
61.3	3.523071269695396
61.4	3.5230329541806604
61.5	3.522995063388238
61.6	3.5229575887607565
61.7	3.522920521740843
61.8	3.5228838537711296
61.9	3.5228475762942453
62.	3.5228116807528154
62.1	3.5227761585894735
62.2	3.522741001246847
62.3	3.522706200167564
62.4	3.5226717467942557
62.5	3.522637632569549
62.6	3.522603848936075
62.7	3.5225703873364598
62.8	3.5225372392133356
62.9	3.5225043960093303
63.	3.5224718491670735
63.1	3.522439590129194
63.2	3.522407610338319
63.3	3.52237590123708
63.4	3.5223444542681053
63.5	3.5223132608740237
63.6	3.522282312497466
63.7	3.522251600581058
63.8	3.5222211165674313
63.9	3.522190851899215
64.	3.5221607980190375
64.1	3.5221309463695274
64.2	3.522101288393315
64.3	3.5220718155330277
64.4	3.5220425192312956
64.5	3.5220133909307485
64.6	3.5219844220740146
64.7	3.5219556041037237
64.8	3.5219269284625034
64.9	3.5218983865929845
65.	3.521869969937794
65.1	3.5218416699395636
65.2	3.52181347804092
65.3	3.521785385684494
65.4	3.5217573843129144
65.5	3.5217294653688103
65.6	3.5217016202948086
65.7	3.5216738405335417
65.8	3.521646117527637
65.9	3.5216184427197224
66.	3.521590807552429
66.1	3.5215632034683866
66.2	3.521535622231234
66.3	3.5215080604867057
66.4	3.5214805186794833
66.5	3.521452997354359
66.6	3.521425497056118
66.7	3.5213980183295512
66.8	3.5213705617194453
66.9	3.5213431277705913
67.	3.521315717027775
67.1	3.5212883300357842
67.2	3.5212609673394106
67.3	3.52123362948344
67.4	3.5212063170126617
67.5	3.521179030471864
67.6	3.5211517704058357
67.7	3.521124537359365
67.8	3.5210973318772396
67.9	3.521070154504249
68.	3.521043005785181
68.1	3.5210158862648226
68.2	3.520988796487966
68.3	3.5209617369993955
68.4	3.520934708343903
68.5	3.520907711066274
68.6	3.520880745711298
68.7	3.520853812823765
68.8	3.520826912948462
68.9	3.520800046630177
69.	3.5207732144136976
69.1	3.5207464168438154
69.2	3.5207196544653163
69.3	3.5206929278229904
69.4	3.5206662374616227
69.5	3.520639583926006
69.6	3.5206129677609255
69.7	3.520586389511171
69.8	3.5205598497215305
69.9	3.5205333489367936
70.	3.520506887701747
70.1	3.52048046656118
70.2	3.5204540860598814
70.3	3.5204277467426386
70.4	3.5204014491542406
70.5	3.5203751938394756
70.6	3.520348981343133
70.7	3.52032281221
70.8	3.5202966869848638
70.9	3.5202706062125153
71.	3.5202445704377436
71.1	3.520218580205334
71.2	3.520192636060077
71.3	3.5201667385467608
71.4	3.5201408882101735
71.5	3.520115085595103
71.6	3.520089331246338
71.7	3.5200636257086666
71.8	3.5200379695268795
71.9	3.520012363245763
72.	3.5199868074101053
72.1	3.5199613025646954
72.2	3.5199358492543222
72.3	3.5199104480237735
72.4	3.519885099417837
72.5	3.5198598039813036
72.6	3.5198345622589593
72.7	3.519809374795593
72.8	3.5197842421359944
72.9	3.51975916482495
73.	3.5197341434072493
73.1	3.519709178427681
73.2	3.5196842704310334
73.3	3.5196594199620943
73.4	3.5196346275656527
73.5	3.519609893786496
73.6	3.519585219169414
73.7	3.519560604259194
73.8	3.5195360496006263
73.9	3.5195115557384966
74.	3.5194871232175955
74.1	3.5194627525827102
74.2	3.5194384443786286
74.3	3.5194141991501415
74.4	3.5193900174420354
74.5	3.5193658997990975
74.6	3.51934184676612
74.7	3.519317858887888
74.8	3.519293936709192
74.9	3.519270080774819
75.	3.5192462916295586
75.1	3.5192225698181985
75.2	3.519198915885526
75.3	3.519175330376332
75.4	3.5191518138354025
75.5	3.5191283668075273
75.6	3.5191049898374174
75.7	3.5190816833896554
75.8	3.519058447697322
75.9	3.5190352829519362
76.	3.519012189345015
76.1	3.5189891670680775
76.2	3.5189662163126423
76.3	3.5189433372702257
76.4	3.518920530132347
76.5	3.5188977950905236
76.6	3.5188751323362744
76.7	3.5188525420611163
76.8	3.5188300244565687
76.9	3.5188075797141494
77.	3.5187852080253763
77.1	3.5187629095817674
77.2	3.5187406845748415
77.3	3.518718533196116
77.4	3.518696455637109
77.5	3.5186744520893383
77.6	3.518652522744323
77.7	3.518630667793581
77.8	3.5186088874286288
77.9	3.5185871818409864
78.	3.518565551222171
78.1	3.5185439957637024
78.2	3.518522515657096
78.3	3.5185011110938706
78.4	3.518479782265546
78.5	3.518458529363639
78.6	3.5184373525796677
78.7	3.5184162521051503
78.8	3.518395228131606
78.9	3.5183742808505505
79.	3.5183534104535052
79.1	3.5183326171319838
79.2	3.5183119010775084
79.3	3.518291262481595
79.4	3.518270701535763
79.5	3.5182502184315294
79.6	3.518229813360413
79.7	3.5182094865139324
79.8	3.518189238083603
79.9	3.518169068260946
80.	3.5181489772374777
80.1	3.5181289652047183
80.2	3.5181090323541833
80.3	3.5180891788773927
80.4	3.518069404965863
80.5	3.518049710811114
80.6	3.518030096604663
80.7	3.5180105625380276
80.8	3.517991108802726
80.9	3.5179717355902778
81.	3.5179524430921982
81.1	3.5179332315000083
81.2	3.517914101005225
81.3	3.5178950517993655
81.4	3.5178760840739502
81.5	3.5178571980204953
81.6	3.517838393830519
81.7	3.5178196716955408
81.8	3.5178010318070774
81.9	3.517782474356647
82.	3.517763999535767
82.1	3.5177456075359586
82.2	3.5177272985487376
82.3	3.5177090727656206
82.4	3.5176909303781283
82.5	3.517672871577779
82.6	3.5176548965560883
82.7	3.517637005504576
82.8	3.517619198614761
82.9	3.5176014760781595
83.	3.5175838380862903
83.1	3.5175662848306724
83.2	3.5175488165028233
83.3	3.5175314332942595
83.4	3.517514135396502
83.5	3.5174969230010675
83.6	3.5174797962994733
83.7	3.5174627554832383
83.8	3.517445800743881
83.9	3.517428932272919
84.	3.517412150261871
84.1	3.5173954549022537
84.2	3.5173788463855873
84.3	3.5173623249033876
84.4	3.5173458906471744
84.5	3.5173295438084646
84.6	3.517313284578778
84.7	3.517297113149632
84.8	3.517281029712542
84.9	3.5172650344590304
85.	3.5172491275806124
85.1	3.5172333092688075
85.2	3.5172175797151333
85.3	3.5172019391111085
85.4	3.51718638764825
85.5	3.517170925518077
85.6	3.517155552912106
85.7	3.5171402700218577
85.8	3.517125077038848
85.9	3.517109974154596
86.	3.5170949615606197
86.1	3.517080039448437
86.2	3.5170652080095666
86.3	3.517050467435525
86.4	3.517035817917832
86.5	3.517021259648005
86.6	3.5170067928175626
86.7	3.516992417618023
86.8	3.5169781342409028
86.9	3.5169639428777213
87.	3.5169498437199964
87.1	3.516935836959246
87.2	3.516921922786989
87.3	3.516908101394743
87.4	3.516894372974026
87.5	3.516880737716355
87.6	3.516867195813251
87.7	3.516853747456229
87.8	3.516840392836809
87.9	3.5168271321465094
88.	3.516813965576846
88.1	3.5168008933193384
88.2	3.516787915565506
88.3	3.5167750325068647
88.4	3.516762244334934
88.5	3.5167495512412312
88.6	3.5167369534172748
88.7	3.516724451054582
88.8	3.516712044344672
88.9	3.516699733479063
89.	3.516687518649273
89.1	3.5166754000468194
89.2	3.516663377863221
89.3	3.516651452289995
89.4	3.5166396235186617
89.5	3.516627891740736
89.6	3.5166162571477377
89.7	3.5166047199311854
89.8	3.5165932802825957
89.9	3.5165819383934886
90.	3.5165706944553814
90.1	3.516559548659792
90.2	3.516548501198238
90.3	3.516537552262238
90.4	3.5165267020433104
90.5	3.5165159507329733
90.6	3.5165052985227447
90.7	3.5164947456041427
90.8	3.516484292168685
90.9	3.516473938407889
91.	3.516463684513275
91.1	3.516453530676359
91.2	3.516443477088661
91.3	3.5164335239416973
91.4	3.5164236714269874
91.5	3.516413919736048
91.6	3.516404269060399
91.7	3.516394719591557
91.8	3.516385271521041
91.9	3.516375925040368
92.	3.5163666803410574
92.1	3.5163575376146268
92.2	3.5163484970525936
92.3	3.516339558846477
92.4	3.5163307231877945
92.5	3.516321990268065
92.6	3.5163133602788044
92.7	3.516304833411534
92.8	3.5162964098577687
92.9	3.51628808980903
93.	3.516279873456833
93.1	3.5162717609926966
93.2	3.5162637526081406
93.3	3.516255848494681
93.4	3.516248048843837
93.5	3.516240353847125
93.6	3.5162327636960664
93.7	3.516225278582177
93.8	3.5162178986969748
93.9	3.516210624231978
94.	3.516203455378706
94.1	3.5161963923286756
94.2	3.5161894352734047
94.3	3.516182584404412
94.4	3.5161758399132172
94.5	3.516170105116
94.6	3.516170105116
94.7	3.516170105116
94.8	3.516170105116
94.9	3.516170105116
95.	3.516170105116
95.1	3.516170105116
95.2	3.516170105116
95.3	3.516170105116
95.4	3.516170105116
95.5	3.516170105116
95.6	3.516170105116
95.7	3.516170105116
95.8	3.516170105116
95.9	3.516170105116
96.	3.516170105116
96.1	3.516170105116
96.2	3.516170105116
96.3	3.516170105116
96.4	3.516170105116
96.5	3.516170105116
96.6	3.516170105116
96.7	3.516170105116
96.8	3.516170105116
96.9	3.516170105116
97.	3.516170105116
97.1	3.516170105116
97.2	3.516170105116
97.3	3.516170105116
97.4	3.516170105116
97.5	3.516170105116
97.6	3.516170105116
97.7	3.516170105116
97.8	3.516170105116
97.9	3.516170105116
98.	3.516170105116
98.1	3.516170105116
98.2	3.516170105116
98.3	3.516170105116
98.4	3.516170105116
98.5	3.516170105116
98.6	3.516170105116
98.7	3.516170105116
98.8	3.516170105116
98.9	3.516170105116
99.	3.516170105116
99.1	3.516170105116
99.2	3.516170105116
99.3	3.516170105116
99.4	3.516170105116
99.5	3.516170105116
99.6	3.516170105116
99.7	3.516170105116
99.8	3.516170105116
99.9	3.516170105116
100.	3.516170105116
105.	3.516170105116
110.	3.516170105116
115.	3.516170105116
120.	3.516170105116
125.	3.516170105116
130.	3.516170105116
135.	3.516170105116
140.	3.516170105116
145.	3.516170105116
150.	3.516170105116
155.	3.516170105116
160.	3.516170105116
165.	3.516170105116
170.	3.516170105116
175.	3.516170105116
180.	3.516170105116
185.	3.516170105116
190.	3.516170105116
195.	3.516170105116
200.	3.516170105116
205.	3.516170105116
210.	3.516170105116
215.	3.516170105116
220.	3.516170105116
225.	3.516170105116
230.	3.516170105116
235.	3.516170105116
240.	3.516170105116
245.	3.516170105116
250.	3.516170105116
255.	3.516170105116
260.	3.516170105116
265.	3.516170105116
270.	3.516170105116
275.	3.516170105116
280.	3.516170105116
285.	3.516170105116
290.	3.516170105116
295.	3.516170105116
300.	3.516170105116
305.	3.516170105116
310.	3.516170105116
315.	3.516170105116
320.	3.516170105116
325.	3.516170105116
330.	3.516170105116
335.	3.516170105116
340.	3.516170105116
345.	3.516170105116
350.	3.516170105116
355.	3.516170105116
360.	3.516170105116
365.	3.516170105116
370.	3.516170105116
375.	3.516170105116
380.	3.516170105116
385.	3.516170105116
390.	3.516170105116
395.	3.516170105116
400.	3.516170105116
405.	3.516170105116
410.	3.516170105116
415.	3.516170105116
420.	3.516170105116
425.	3.516170105116
430.	3.516170105116
435.	3.516170105116
440.	3.516170105116
445.	3.516170105116
450.	3.516170105116
455.	3.516170105116
460.	3.516170105116
465.	3.516170105116
470.	3.516170105116
475.	3.516170105116
480.	3.516170105116
485.	3.516170105116
490.	3.516170105116
495.	3.516170105116
500.	3.516170105116
550.	3.516170105116
600.	3.516170105116
650.	3.516170105116
700.	3.516170105116
750.	3.516170105116
800.	3.516170105116
850.	3.516170105116
900.	3.516170105116
950.	3.516170105116
1000.	3.516170105116
1050.	3.516170105116
1100.	3.516170105116
1150.	3.516170105116
1200.	3.516170105116
1250.	3.516170105116
1300.	3.516170105116
1350.	3.516170105116
1400.	3.516170105116
1450.	3.516170105116
1500.	3.516170105116
1550.	3.516170105116
1600.	3.516170105116
1650.	3.516170105116
1700.	3.516170105116
1750.	3.516170105116
1800.	3.516170105116
1850.	3.516170105116
1900.	3.516170105116
1950.	3.516170105116
2000.	3.516170105116
2050.	3.516170105116
2100.	3.516170105116
2150.	3.516170105116
2200.	3.516170105116
2250.	3.516170105116
2300.	3.516170105116
2350.	3.516170105116
2400.	3.516170105116
2450.	3.516170105116
2500.	3.516170105116
2550.	3.516170105116
2600.	3.516170105116
2650.	3.516170105116
2700.	3.516170105116
2750.	3.516170105116
2800.	3.516170105116
2850.	3.516170105116
2900.	3.516170105116
2950.	3.516170105116
3000.	3.516170105116
3050.	3.516170105116
3100.	3.516170105116
3150.	3.516170105116
3200.	3.516170105116
3250.	3.516170105116
3300.	3.516170105116
3350.	3.516170105116
3400.	3.516170105116
3450.	3.516170105116
3500.	3.516170105116
3550.	3.516170105116
3600.	3.516170105116
3650.	3.516170105116
3700.	3.516170105116
3750.	3.516170105116
3800.	3.516170105116
3850.	3.516170105116
3900.	3.516170105116
3950.	3.516170105116
4000.	3.516170105116
4050.	3.516170105116
4100.	3.516170105116
4150.	3.516170105116
4200.	3.516170105116
4250.	3.516170105116
4300.	3.516170105116
4350.	3.516170105116
4400.	3.516170105116
4450.	3.516170105116
4500.	3.516170105116
4550.	3.516170105116
4600.	3.516170105116
4650.	3.516170105116
4700.	3.516170105116
4750.	3.516170105116
4800.	3.516170105116
4850.	3.516170105116
4900.	3.516170105116
4950.	3.516170105116
5000.	3.516170105116
5500.	3.516170105116
6000.	3.516170105116
6500.	3.516170105116
7000.	3.516170105116
7500.	3.516170105116
8000.	3.516170105116
8500.	3.516170105116
9000.	3.516170105116
9500.	3.516170105116
10000.	3.516170105116
20000.	3.516170105116
30000.	3.516170105116
40000.	3.516170105116
50000.	3.516170105116
60000.	3.516170105116
70000.	3.516170105116
80000.	3.516170105116
90000.	3.516170105116
100000.	3.516170105116