5.3	0.5789373315458951
5.4	0.5978333207061234
5.5	0.6169950838459533
5.6	0.635675992905176
5.7	0.6506721151669683
5.8	0.6602694038647257
5.9	0.6658558068040389
6.	0.6715946654040109
6.1	0.6843516772163717
6.2	0.7035393650958184
6.3	0.7219297174675683
6.4	0.7378321582149303
6.5	0.7533851861649213
6.6	0.7690438634912112
6.7	0.7844286970777696
6.8	0.7996168147487164
6.9	0.8148309396524831
7.	0.8301624750992274
7.1	0.84567270773578
7.2	0.861441510191255
7.3	0.8775474320302341
7.4	0.8940575757024645
7.5	0.9110345076551835
7.6	0.9285357593501778
7.7	0.9466164265724438
7.8	0.9653289456282429
7.9	0.9847215719578728
8.	1.00483853863236
8.1	1.0257210670924384
8.2	1.047408078588827
8.3	1.0699360118465373
8.4	1.0933396745395556
8.5	1.1176516916707357
8.6	1.142903243722046
8.7	1.1691227999036762
8.8	1.1963379721403444
8.9	1.2245733414439195
9.	1.2538499687498363
9.1	1.284189360016263
9.2	1.3156162613220068
9.3	1.3481562318411358
9.4	1.3818269871703386
9.5	1.41663614476897
9.6	1.4525913755371662
9.7	1.4897044381946032
9.8	1.527988533804523
9.9	1.5674545480896562
10.	1.6080921047213768
10.1	1.6498793971547812
10.2	1.6927945089902
10.3	1.7368004052397796
10.4	1.7817907824365917
10.5	1.827639510865177
10.6	1.8742203319173933
10.7	1.9213691601185372
10.8	1.968831440382655
10.9	2.016339376378173
11.	2.063626801556804
11.1	2.110492472239692
11.2	2.156820398592195
11.3	2.2025003815979645
11.4	2.247422222240653
11.5	2.29147572150391
11.6	2.334556649602679
11.7	2.376616973242382
11.8	2.417639496629799
11.9	2.457607341421859
12.	2.4965036292754945
12.1	2.534311481768638
12.2	2.571013530264299
12.3	2.6065907551508056
12.4	2.6410237896215696
12.5	2.674293266870002
12.6	2.706379820089517
12.7	2.7372640824735246
12.8	2.766929750916749
12.9	2.7953864492343112
13.	2.822656844099719
13.1	2.848763701152509
13.2	2.8737298808654197
13.3	2.897583337971718
13.4	2.9203595985777575
13.5	2.9420948035621484
13.6	2.9628250938035037
13.7	2.9825866386821693
13.8	3.001417647232616
13.9	3.019359695588652
14.	3.036454674970175
14.1	3.0527444765970815
14.2	3.0682700770941946
14.3	3.08306751317508
14.4	3.097171161281373
14.5	3.1106153966192305
14.6	3.123434594394806
14.7	3.1356626257272353
14.8	3.1473302896917468
14.9	3.158467228174009
15.	3.1691030809487883
15.1	3.1792673669839306
15.2	3.188986080593925
15.3	3.198281219156173
15.4	3.207174564315958
15.5	3.2156878977185697
15.6	3.2238429440528624
15.7	3.2316593697000435
15.8	3.2391542540617007
15.9	3.2463445121133696
16.	3.25324705883056
16.1	3.2598780146331707
16.2	3.2662503520794726
16.3	3.2723762642801675
16.4	3.2782679443459615
16.5	3.2839375853875556
16.6	3.2893970264456707
16.7	3.2946565282988236
16.8	3.2997259121375295
16.9	3.3046149991337463
17.	3.309333539400683
17.1	3.3138900020505164
17.2	3.3182917453028664
17.3	3.3225460905569326
17.4	3.3266603592119166
17.5	3.330641820197386
17.6	3.334496618115391
17.7	3.338229817235964
17.8	3.341846438162985
17.9	3.345351501500339
18.	3.3487500278519127
18.1	3.3520470350019287
18.2	3.355247050160438
18.3	3.3583535544727865
18.4	3.3613698947646475
18.5	3.364299417861694
18.6	3.3671454705895996
18.7	3.369911399774037
18.8	3.372600552240679
18.9	3.375216274815199
19.	3.3777619143232704
19.1	3.3802408175905656
19.2	3.3826563314427585
19.3	3.385011606936945
19.4	3.387308661926219
19.5	3.3895491074756765
19.6	3.3917345541231008
19.7	3.3938666124062746
19.8	3.395946892862983
19.9	3.3979770060310064
20.	3.3999585624481314
20.1	3.40189317265214
20.2	3.403782447180816
20.3	3.4056279965719423
20.4	3.4074314313633036
20.5	3.409194362092683
20.6	3.410918399297862
20.7	3.412605153516626
20.8	3.4142562349801264
20.9	3.4158730543429074
21.	3.417456479018554
21.1	3.419007284857947
21.2	3.4205262477119676
21.3	3.422014143431495
21.4	3.4234717478674104
21.5	3.4248998368705945
21.6	3.426299186291928
21.7	3.4276705719822917
21.8	3.4290147697925653
21.9	3.4303325555736297
22.	3.4316247051763655
22.1	3.432891994451654
22.2	3.4341351992503757
22.3	3.435355095423409
22.4	3.4365524588216374
22.5	3.43772806529594
22.6	3.438882690697198
22.7	3.4400171099544927
22.8	3.4411319649124366
22.9	3.442227626460532
23.	3.4433044325409705
23.1	3.4443627210959424
23.2	3.4454028300676387
23.3	3.446425097398251
23.4	3.4474298610299674
23.5	3.4484174589049816
23.6	3.449388228965483
23.7	3.450342509153664
23.8	3.451280637411713
23.9	3.4522029516818225
24.	3.453109789906182
24.1	3.4540014900269838
24.2	3.4548783899864186
24.3	3.4557408277266752
24.4	3.4565891411899483
24.5	3.4574236683184236
24.6	3.458244747054296
24.7	3.4590527153397552
24.8	3.459847911116991
24.9	3.460630672328195
25.	3.4614013369155585
25.1	3.462160242821272
25.2	3.4629077279860856
25.3	3.463644097469446
25.4	3.464369538440262
25.5	3.465084211656644
25.6	3.4657882778767015
25.7	3.466481897858544
25.8	3.467165232360283
25.9	3.4678384421400263
26.	3.468501687955887
26.1	3.4691551305659707
26.2	3.469798930728391
26.3	3.4704332492012573
26.4	3.4710582467426776
26.5	3.4716740841107625
26.6	3.472280922063624
26.7	3.47287892135937
26.8	3.4734682427561108
26.9	3.474049047011956
27.	3.4746214948850165
27.1	3.4751857471334016
27.2	3.4757419645152208
27.3	3.476290307788585
27.4	3.4768309377116036
27.5	3.4773640150423875
27.6	3.4778897005390452
27.7	3.478408154959687
27.8	3.4789195390624226
27.9	3.479424013605364
28.	3.479921739346618
28.1	3.480412877044297
28.2	3.480897587456509
28.3	3.481376031341366
28.4	3.481848366669563
28.5	3.4823146981654927
28.6	3.4827750827234807
28.7	3.483229575537598
28.8	3.483678231801915
28.9	3.484121106710502
29.	3.484558255457429
29.1	3.4849897332367674
29.2	3.4854155952425874
29.3	3.4858358966689593
29.4	3.486250692709955
29.5	3.4866600385596436
29.6	3.4870639894120954
29.7	3.4874626004613827
29.8	3.487855926901574
29.9	3.488244023926742
30.	3.4886269467309545
30.1	3.489004750508284
30.2	3.4893774904528008
30.3	3.489745221758576
30.4	3.490107999619678
30.5	3.490465879230179
30.6	3.4908189157841503
30.7	3.49116716447566
30.8	3.4915106804987803
30.9	3.4918495190475825
31.	3.492183735316135
31.1	3.49251338449851
31.2	3.4928385217887774
31.3	3.493159202381008
31.4	3.4934754814692717
31.5	3.4937874142476395
31.6	3.494095055910182
31.7	3.4943984616509702
31.8	3.494697686664073
31.9	3.494992786143563
32.	3.49528381528351
32.1	3.4955708292779843
32.2	3.495853883321055
32.3	3.4961330326067954
32.4	3.496408332329275
32.5	3.496679837682563
32.6	3.4969476038607326
32.7	3.4972116860578515
32.8	3.4974721392934094
32.9	3.497729013376616
33.	3.4979823521409172
33.1	3.498232199091177
33.2	3.498478597732264
33.3	3.4987215915690437
33.4	3.4989612241063806
33.5	3.499197538849142
33.6	3.4994305793021927
33.7	3.4996603889704008
33.8	3.49988701135863
33.9	3.500110489971748
34.	3.500330868314619
34.1	3.5005481898921107
34.2	3.500762498209088
34.3	3.500973836770416
34.4	3.501182249080964
34.5	3.501387778645595
34.6	3.5015904689691753
34.7	3.5017903635565713
34.8	3.5019875059126493
34.9	3.5021819395422753
35.	3.5023737079503157
35.1	3.5025628546416354
35.2	3.502749423121099
35.3	3.502933456893576
35.4	3.503114999463931
35.5	3.503294094337028
35.6	3.5034707850177362
35.7	3.5036451150109187
35.8	3.5038171278214434
35.9	3.503986866954176
36.	3.5041543759139806
36.1	3.504319698205726
36.2	3.5044828773342758
36.3	3.504643956804497
36.4	3.5048029801212564
36.5	3.504959990789418
36.6	3.50511503231385
36.7	3.5052681481994172
36.8	3.505419381950986
36.9	3.5055687770734205
37.	3.5057163770715896
37.1	3.5058622254503566
37.2	3.5060063657145895
37.3	3.506148841369154
37.4	3.5062896959189147
37.5	3.50642897286874
37.6	3.5065667157234928
37.7	3.506702967988042
37.8	3.50683777316725
37.9	3.5069711747659866
38.	3.5071032162891163
38.1	3.507233941241504
38.2	3.507363393128017
38.3	3.507491615453521
38.4	3.507618651722882
38.5	3.507744545440966
38.6	3.507869340112638
38.7	3.5079930792427647
38.8	3.5081158063362126
38.9	3.508237564897847
39.	3.508358398432535
39.1	3.5084783498578624
39.2	3.5085974453770983
39.3	3.5087156924758216
39.4	3.5088330976500504
39.5	3.5089496673957976
39.6	3.5090654082090817
39.7	3.509180326585917
39.8	3.5092944290223205
39.9	3.509407722014308
40.	3.5095202120578928
40.1	3.5096319056490937
40.2	3.5097428092839253
40.3	3.5098529294584035
40.4	3.509962272668544
40.5	3.5100708454103624
40.6	3.5101786541798745
40.7	3.510285705473098
40.8	3.5103920057860454
40.9	3.510497561614735
41.	3.5106023794551815
41.1	3.510706465803402
41.2	3.51080982715541
41.3	3.510912470007223
41.4	3.511014400854857
41.5	3.5111156261943273
41.6	3.5112161525216496
41.7	3.5113159863328396
41.8	3.5114151341239133
41.9	3.5115136023908877
42.	3.5116113976297756
42.1	3.511708526336596
42.2	3.511804995007363
42.3	3.5119008101380933
42.4	3.5119959782248023
42.5	3.5120905057635046
42.6	3.5121843992502177
42.7	3.512277665180957
42.8	3.5123703100517396
42.9	3.512462340358578
43.	3.51255376259749
43.1	3.512644583264492
43.2	3.512734808855598
43.3	3.5128244458668254
43.4	3.512913500794191
43.5	3.5130019801337076
43.6	3.513089890381393
43.7	3.513177238033262
43.8	3.513264029585332
43.9	3.5133502715336182
44.	3.5134359703741347
44.1	3.5135211326029
44.2	3.513605764715927
44.3	3.5136898732092336
44.4	3.5137734645788363
44.5	3.513856545320749
44.6	3.5139391219309877
44.7	3.5140212009055687
44.8	3.514102788740508
44.9	3.5141838919318222
45.	3.5142645169755244
45.1	3.514344670367633
45.2	3.514424358604163
45.3	3.514503588181131
45.4	3.514582365594551
45.5	3.5146606973404397
45.6	3.514738589914814
45.7	3.514816049813688
45.8	3.514893083533078
45.9	3.5149696975690015
46.	3.515045898417471
46.1	3.5151216925745046
46.2	3.5151970865361184
46.3	3.515272086798328
46.4	3.515346699857147
46.5	3.5154209322085945
46.6	3.5154947903486837
46.7	3.5155682807734325
46.8	3.5156414099788544
46.9	3.515714184460968
47.	3.515786610715786
47.1	3.515858695239327
47.2	3.515930444527606
47.3	3.516001864865303
47.4	3.516072958944032
47.5	3.516143726451045
47.6	3.5162141669811935
47.7	3.516284280129327
47.8	3.516354065490293
47.9	3.516423522658942
48.	3.5164926512301213
48.1	3.5165614507986804
48.2	3.5166299209594705
48.3	3.5166980613073386
48.4	3.5167658714371344
48.5	3.5168333509437053
48.6	3.5169004994219026
48.7	3.516967316466575
48.8	3.51703380167257
48.9	3.5170999546347383
49.	3.517165774947928
49.1	3.517231262206989
49.2	3.5172964160067695
49.3	3.5173612359421185
49.4	3.517425721607886
49.5	3.5174898725989205
49.6	3.517553688510071
49.7	3.5176171689361864
49.8	3.5176803134721157
49.9	3.517743121712709
50.	3.517805593252814
50.1	3.517867727687281
50.2	3.5179295246109574
50.3	3.517990983618694
50.4	3.5180521043053368
50.5	3.518112886265739
50.6	3.5181733290947483
50.7	3.5182334323872118
50.8	3.5182931957379804
50.9	3.5183526187419027
51.	3.518411700993828
51.1	3.5184704420886037
51.2	3.5185288416210816
51.3	3.518586899186109
51.4	3.5186446143785357
51.5	3.518701986793209
51.6	3.5187590160249806
51.7	3.5188157016686983
51.8	3.51887204331921
51.9	3.5189280405713665
52.	3.518983693020016
52.1	3.519039000260008
52.2	3.5190939618861914
52.3	3.5191485774934153
52.4	3.519202846676528
52.5	3.519256769030379
52.6	3.5193103441498175
52.7	3.519363571629693
52.8	3.5194164510648536
52.9	3.51946898205015
53.	3.5195211641804294
53.1	3.51957299705054
53.2	3.519624480255335
53.3	3.5196756133896585
53.4	3.519726396048364
53.5	3.519776827826296
53.6	3.5198269083183074
53.7	3.5198766371192454
53.8	3.51992601382396
53.9	3.5199750380272987
54.	3.520023709324113
54.1	3.52007202730925
54.2	3.5201199915775594
54.3	3.5201676017238888
54.4	3.5202148573430896
54.5	3.52026175803001
54.6	3.520308303379498
54.7	3.5203544929864043
54.8	3.5204003264455768
54.9	3.520445803351864
55.	3.5204909233001174
55.1	3.520535685885183
55.2	3.5205800907019125
55.3	3.5206241373451532
55.4	3.520667825409756
55.5	3.5207111544905665
55.6	3.520754124182438
55.7	3.520796734080216
55.8	3.5208389837787517
55.9	3.5208808728728935
56.	3.520922400957489
56.1	3.520963567627391
56.2	3.521004372477445
56.3	3.521044815102501
56.4	3.5210848950974083
56.5	3.5211246120570165
56.6	3.5211639655761733
56.7	3.5212029552500197
56.8	3.5212415813351248
56.9	3.52127984615886
57.	3.5213177524527604
57.1	3.5213553029483613
57.2	3.5213925003772
57.3	3.5214293474708125
57.4	3.521465846960733
57.5	3.5215020015784995
57.6	3.5215378140556464
57.7	3.521573287123711
57.8	3.5216084235142286
57.9	3.521643225958734
58.	3.5216776971887644
58.1	3.5217118399358562
58.2	3.5217456569315444
58.3	3.521779150907365
58.4	3.5218123245948534
58.5	3.5218451807255473
58.6	3.5218777220309816
58.7	3.521909951242692
58.8	3.5219418710922143
58.9	3.521973484311085
59.	3.5220047936308396
59.1	3.522035801783015
59.2	3.5220665114991454
59.3	3.5220969255107697
59.4	3.5221270465494205
59.5	3.5221568773466347
59.6	3.522186420633949
59.7	3.5222156791429002
59.8	3.522244655605021
59.9	3.522273352751851
60.	3.5223017733149242
60.1	3.5223299200257765
60.2	3.522357795615944
60.3	3.522385402816963
60.4	3.5224127443603694
60.5	3.5224398229777
60.6	3.522466641400489
60.7	3.5224932023602737
60.8	3.522519508588587
60.9	3.522545562816971
61.	3.522571367776955
61.1	3.5225969262000785
61.2	3.5226222408178773
61.3	3.522647314361887
61.4	3.5226721495636424
61.5	3.5226967491546803
61.6	3.5227211158665384
61.7	3.522745252430749
61.8	3.5227691615788514
61.9	3.5227928460423805
62.	3.522816308552871
62.1	3.522839551841859
62.2	3.5228625786408827
62.3	3.5228853916814753
62.4	3.5229079936951746
62.5	3.5229303874135156
62.6	3.5229525755680346
62.7	3.522974560890267
62.8	3.522996346111751
62.9	3.5230179339640184
63.	3.523039327178609
63.1	3.523060528487057
63.2	3.5230815406208977
63.3	3.523102366311668
63.4	3.5231230082909044
63.5	3.523143469290143
63.6	3.523163752040917
63.7	3.523183859274764
63.8	3.523203793723222
63.9	3.523223558117824
64.	3.5232431551901082
64.1	3.5232625876716086
64.2	3.5232818582938616
64.3	3.523300969788404
64.4	3.52331992488677
64.5	3.523338726320498
64.6	3.523357376821122
64.7	3.52337587912018
64.8	3.5233942359492056
64.9	3.5234124500397357
65.	3.5234305241233055
65.1	3.523448460931453
65.2	3.5234662631957114
65.3	3.523483933647619
65.4	3.52350147501871
65.5	3.5235188900405223
65.6	3.52353618144459
65.7	3.52355335196245
65.8	3.5235704043256377
65.9	3.5235873412656895
66.	3.5236041655141404
66.1	3.5236208798025284
66.2	3.52363748678906
66.3	3.5236539880167608
66.4	3.5236703841608827
66.5	3.5236866758738135
66.6	3.5237028638079404
66.7	3.523718948615649
66.8	3.5237349309493267
66.9	3.5237508114613614
67.	3.5237665908041387
67.1	3.523782269630045
67.2	3.5237978485914687
67.3	3.523813328340797
67.4	3.523828709530416
67.5	3.523843992812712
67.6	3.523859178840073
67.7	3.523874268264884
67.8	3.523889261739535
67.9	3.5239041599164107
68.	3.5239189634478985
68.1	3.523933672986385
68.2	3.523948289184258
68.3	3.5239628126939033
68.4	3.5239772441677095
68.5	3.523991584258061
68.6	3.524005833617347
68.7	3.524019992897954
68.8	3.5240340627522673
68.9	3.524048043832676
69.	3.524061936791565
69.1	3.5240757422813225
69.2	3.5240894609543343
69.3	3.524103093462989
69.4	3.5241166404596727
69.5	3.524130102596772
69.6	3.5241434805266736
69.7	3.5241567749017637
69.8	3.5241699863744325
69.9	3.5241831155970638
70.	3.5241961632220455
70.1	3.5242091299017635
70.2	3.5242220162886064
70.3	3.52423482303496
70.4	3.5242475507932123
70.5	3.5242602002157497
70.6	3.524272771954958
70.7	3.5242852666632247
70.8	3.5242976849929373
70.9	3.5243100275964827
71.	3.524322295126248
71.1	3.524334488234618
71.2	3.5243466075739818
71.3	3.524358653796726
71.4	3.5243706275552373
71.5	3.5243825295019033
71.6	3.5243943602891092
71.7	3.5244061205692425
71.8	3.5244178109946906
71.9	3.524429432217841
72.	3.524440984891079
72.1	3.5244524696667936
72.2	3.5244638871973697
72.3	3.5244752381351945
72.4	3.5244865231326563
72.5	3.5244977428421413
72.6	3.5245088979160353
72.7	3.524519989006727
72.8	3.524531016766601
72.9	3.524541981848047
73.	3.52455288490345
73.1	3.524563726585197
73.2	3.5245745075456765
73.3	3.524585228437274
73.4	3.5245958899123764
73.5	3.524606492623371
73.6	3.524617037222644
73.7	3.5246275243625838
73.8	3.524637954695576
73.9	3.524648328874008
74.	3.524658647550267
74.1	3.524668911376739
74.2	3.5246791210058115
74.3	3.5246892770898715
74.4	3.524699380281306
74.5	3.524709431232501
74.6	3.524719430595845
74.7	3.524729379023723
74.8	3.524739277168524
74.9	3.524749125682632
75.	3.5247589252184373
75.1	3.524768676428326
75.2	3.524778379964683
75.3	3.5247880364798956
75.4	3.524797646626353
75.5	3.52480721105644
75.6	3.52481673042234
75.7	3.524826205165237
75.8	3.524835635116705
75.9	3.5248450199988706
76.	3.5248543595338604
76.1	3.5248636534438034
76.2	3.5248729014508253
76.3	3.5248821032770543
76.4	3.524891258644615
76.5	3.524900367275637
76.6	3.524909428892248
76.7	3.5249184432165728
76.8	3.5249274099707395
76.9	3.5249363288768762
77.	3.5249451996571093
77.1	3.5249540220335653
77.2	3.524962795728373
77.3	3.524971520463658
77.4	3.5249801959615485
77.5	3.5249888219441687
77.6	3.52499739813365
77.7	3.525005924252118
77.8	3.5250144000216994
77.9	3.525022825164521
78.	3.5250311994027097
78.1	3.525039522458395
78.2	3.5250477940537017
78.3	3.525056013910757
78.4	3.52506418175169
78.5	3.525072297298625
78.6	3.525080360273692
78.7	3.525088370399016
78.8	3.5250963273967257
78.9	3.525104230988947
79.	3.525112080897807
79.1	3.525119876845435
79.2	3.525127618553956
79.3	3.525135305745497
79.4	3.5251429381421855
79.5	3.52515051546615
79.6	3.525158037439516
79.7	3.525165503784412
79.8	3.525172914222963
79.9	3.525180268477299
80.	3.525187566269545
80.1	3.5251948073218298
80.2	3.525201991356279
80.3	3.5252091180950194
80.4	3.52521618726018
80.5	3.5252231985738867
80.6	3.5252301517582674
80.7	3.525237046535448
80.8	3.5252438826275574
80.9	3.525250659756722
81.	3.525257377645067
81.1	3.5252640360147227
81.2	3.5252706345878146
81.3	3.525277173086469
81.4	3.525283651232816
81.5	3.52529006874898
81.6	3.525296425357089
81.7	3.5253027207792695
81.8	3.52530895473765
81.9	3.5253151269543572
82.	3.5253212371515175
82.1	3.5253272850512585
82.2	3.525333270375708
82.3	3.5253391928469915
82.4	3.525345052187237
82.5	3.525350848118573
82.6	3.5253565803631246
82.7	3.5253622486430203
82.8	3.525367852680387
82.9	3.5253733921973507
83.	3.5253788669160397
83.1	3.525384276558581
83.2	3.5253896208471014
83.3	3.5253948995037283
83.4	3.5254001122505887
83.5	3.5254052588098106
83.6	3.5254103389035194
83.7	3.5254153522538436
83.8	3.5254202985829095
83.9	3.5254251776128456
84.	3.5254299890657785
84.1	3.525434732663834
84.2	3.5254394081291407
84.3	3.525444015183824
84.4	3.525448553550014
84.5	3.5254530229498355
84.6	3.5254574231054168
84.7	3.5254617537388846
84.8	3.5254660145723644
84.9	3.5254702053279865
85.	3.5254743257278762
85.1	3.5254783754941608
85.2	3.5254823543489677
85.3	3.5254862620144243
85.4	3.5254900982126567
85.5	3.525493862665794
85.6	3.52549755509596
85.7	3.525501175225285
85.8	3.5255047227758944
85.9	3.525508197469917
86.	3.5255115990294783
86.1	3.5255149271767063
86.2	3.525518181633729
86.3	3.525521362122671
86.4	3.5255244683656604
86.5	3.525527500084826
86.6	3.5255304570022936
86.7	3.525533338840191
86.8	3.525536145320644
86.9	3.5255388761657813
87.	3.5255415310977294
87.1	3.525544109838614
87.2	3.525546612110565
87.3	3.5255490376357086
87.4	3.525551386136171
87.5	3.525553657334079
87.6	3.525555850951562
87.7	3.525557966710745
87.8	3.525560004333756
87.9	3.525561963542722
88.	3.5255638440597705
88.1	3.5255656456070277
88.2	3.5255673679066226
88.3	3.5255690106806803
88.4	3.5255705736513296
88.5	3.525572056540696
88.6	3.525573459070908
88.7	3.5255747809640914
88.8	3.525576021942375
88.9	3.5255771817278845
89.	3.5255782600427485
89.1	3.5255792566090927
89.2	3.525580171149045
89.3	3.5255810033847323
89.4	3.5255817530382827
89.5	3.525582419831821
89.6	3.525583003487476
89.7	3.5255835037273755
89.8	3.525583920273645
89.9	3.5255842528484127
90.	3.525584501173806
90.1	3.525584664971951
90.2	3.5255847439649752
90.3	3.5255847378750067
90.4	3.5255846464241714
90.5	3.525584469334597
90.6	3.525584206328411
90.7	3.5255838571277396
90.8	3.5255834214547104
90.9	3.52558289903145
91.	3.525582289580087
91.1	3.525581592822747
91.2	3.5255808084815587
91.3	3.525579936278648
91.4	3.525578975936143
91.5	3.5255779271761694
91.6	3.525576789720855
91.7	3.5255755632923274
91.8	3.525574247612714
91.9	3.5255728424041406
92.	3.5255713473887362
92.1	3.525569762288627
92.2	3.5255680868259383
92.3	3.5255663207228
92.4	3.5255644637013384
92.5	3.5255625154836814
92.6	3.5255604757919534
92.7	3.5255583443482847
92.8	3.5255561208748
92.9	3.5255538050936286
93.	3.5255513967268963
93.1	3.52554889549673
93.2	3.525546301125259
93.3	3.525543613334607
93.4	3.525540831846904
93.5	3.5255379563842753
93.6	3.5255349866688497
93.7	3.5255319224227533
93.8	3.525528763368113
93.9	3.525525509227057
94.	3.5255221597217123
94.1	3.525518714574205
94.2	3.5255151735066623
94.3	3.5255115362412117
94.4	3.525507802499982
94.5	3.525504502534
94.6	3.525504502534
94.7	3.525504502534
94.8	3.525504502534
94.9	3.525504502534
95.	3.525504502534
95.1	3.525504502534
95.2	3.525504502534
95.3	3.525504502534
95.4	3.525504502534
95.5	3.525504502534
95.6	3.525504502534
95.7	3.525504502534
95.8	3.525504502534
95.9	3.525504502534
96.	3.525504502534
96.1	3.525504502534
96.2	3.525504502534
96.3	3.525504502534
96.4	3.525504502534
96.5	3.525504502534
96.6	3.525504502534
96.7	3.525504502534
96.8	3.525504502534
96.9	3.525504502534
97.	3.525504502534
97.1	3.525504502534
97.2	3.525504502534
97.3	3.525504502534
97.4	3.525504502534
97.5	3.525504502534
97.6	3.525504502534
97.7	3.525504502534
97.8	3.525504502534
97.9	3.525504502534
98.	3.525504502534
98.1	3.525504502534
98.2	3.525504502534
98.3	3.525504502534
98.4	3.525504502534
98.5	3.525504502534
98.6	3.525504502534
98.7	3.525504502534
98.8	3.525504502534
98.9	3.525504502534
99.	3.525504502534
99.1	3.525504502534
99.2	3.525504502534
99.3	3.525504502534
99.4	3.525504502534
99.5	3.525504502534
99.6	3.525504502534
99.7	3.525504502534
99.8	3.525504502534
99.9	3.525504502534
100.	3.525504502534
105.	3.525504502534
110.	3.525504502534
115.	3.525504502534
120.	3.525504502534
125.	3.525504502534
130.	3.525504502534
135.	3.525504502534
140.	3.525504502534
145.	3.525504502534
150.	3.525504502534
155.	3.525504502534
160.	3.525504502534
165.	3.525504502534
170.	3.525504502534
175.	3.525504502534
180.	3.525504502534
185.	3.525504502534
190.	3.525504502534
195.	3.525504502534
200.	3.525504502534
205.	3.525504502534
210.	3.525504502534
215.	3.525504502534
220.	3.525504502534
225.	3.525504502534
230.	3.525504502534
235.	3.525504502534
240.	3.525504502534
245.	3.525504502534
250.	3.525504502534
255.	3.525504502534
260.	3.525504502534
265.	3.525504502534
270.	3.525504502534
275.	3.525504502534
280.	3.525504502534
285.	3.525504502534
290.	3.525504502534
295.	3.525504502534
300.	3.525504502534
305.	3.525504502534
310.	3.525504502534
315.	3.525504502534
320.	3.525504502534
325.	3.525504502534
330.	3.525504502534
335.	3.525504502534
340.	3.525504502534
345.	3.525504502534
350.	3.525504502534
355.	3.525504502534
360.	3.525504502534
365.	3.525504502534
370.	3.525504502534
375.	3.525504502534
380.	3.525504502534
385.	3.525504502534
390.	3.525504502534
395.	3.525504502534
400.	3.525504502534
405.	3.525504502534
410.	3.525504502534
415.	3.525504502534
420.	3.525504502534
425.	3.525504502534
430.	3.525504502534
435.	3.525504502534
440.	3.525504502534
445.	3.525504502534
450.	3.525504502534
455.	3.525504502534
460.	3.525504502534
465.	3.525504502534
470.	3.525504502534
475.	3.525504502534
480.	3.525504502534
485.	3.525504502534
490.	3.525504502534
495.	3.525504502534
500.	3.525504502534
550.	3.525504502534
600.	3.525504502534
650.	3.525504502534
700.	3.525504502534
750.	3.525504502534
800.	3.525504502534
850.	3.525504502534
900.	3.525504502534
950.	3.525504502534
1000.	3.525504502534
1050.	3.525504502534
1100.	3.525504502534
1150.	3.525504502534
1200.	3.525504502534
1250.	3.525504502534
1300.	3.525504502534
1350.	3.525504502534
1400.	3.525504502534
1450.	3.525504502534
1500.	3.525504502534
1550.	3.525504502534
1600.	3.525504502534
1650.	3.525504502534
1700.	3.525504502534
1750.	3.525504502534
1800.	3.525504502534
1850.	3.525504502534
1900.	3.525504502534
1950.	3.525504502534
2000.	3.525504502534
2050.	3.525504502534
2100.	3.525504502534
2150.	3.525504502534
2200.	3.525504502534
2250.	3.525504502534
2300.	3.525504502534
2350.	3.525504502534
2400.	3.525504502534
2450.	3.525504502534
2500.	3.525504502534
2550.	3.525504502534
2600.	3.525504502534
2650.	3.525504502534
2700.	3.525504502534
2750.	3.525504502534
2800.	3.525504502534
2850.	3.525504502534
2900.	3.525504502534
2950.	3.525504502534
3000.	3.525504502534
3050.	3.525504502534
3100.	3.525504502534
3150.	3.525504502534
3200.	3.525504502534
3250.	3.525504502534
3300.	3.525504502534
3350.	3.525504502534
3400.	3.525504502534
3450.	3.525504502534
3500.	3.525504502534
3550.	3.525504502534
3600.	3.525504502534
3650.	3.525504502534
3700.	3.525504502534
3750.	3.525504502534
3800.	3.525504502534
3850.	3.525504502534
3900.	3.525504502534
3950.	3.525504502534
4000.	3.525504502534
4050.	3.525504502534
4100.	3.525504502534
4150.	3.525504502534
4200.	3.525504502534
4250.	3.525504502534
4300.	3.525504502534
4350.	3.525504502534
4400.	3.525504502534
4450.	3.525504502534
4500.	3.525504502534
4550.	3.525504502534
4600.	3.525504502534
4650.	3.525504502534
4700.	3.525504502534
4750.	3.525504502534
4800.	3.525504502534
4850.	3.525504502534
4900.	3.525504502534
4950.	3.525504502534
5000.	3.525504502534
5500.	3.525504502534
6000.	3.525504502534
6500.	3.525504502534
7000.	3.525504502534
7500.	3.525504502534
8000.	3.525504502534
8500.	3.525504502534
9000.	3.525504502534
9500.	3.525504502534
10000.	3.525504502534
20000.	3.525504502534
30000.	3.525504502534
40000.	3.525504502534
50000.	3.525504502534
60000.	3.525504502534
70000.	3.525504502534
80000.	3.525504502534
90000.	3.525504502534
100000.	3.525504502534