5.3	-2.794964337676279
5.4	-2.7157871968575753
5.5	-2.5999180098771553
5.6	-2.446965680106566
5.7	-2.216819552872902
5.8	-1.8799562953242808
5.9	-1.4368642942037946
6.	-0.948511561766499
6.1	-0.41177543092125735
6.2	0.15846176414571378
6.3	0.7473176892481859
6.4	1.3399100101999477
6.5	1.9213563928147708
6.6	2.476774502906439
6.7	2.9912820062887384
6.8	3.4499965687754397
6.9	3.8380358561803307
7.	4.140517534317184
7.1	4.342559268999786
7.2	4.431331614946346
7.3	4.476914240552448
7.4	4.519839016166841
7.5	4.560153293945818
7.6	4.5979044260456705
7.7	4.63313976462269
7.8	4.665906661833168
7.9	4.696252469833397
8.	4.7242245407796695
8.1	4.749870226828275
8.2	4.7732368801355065
8.3	4.7943718528576555
8.4	4.813322497151014
8.5	4.830136165171873
8.6	4.844845501376821
8.7	4.857519718768566
8.8	4.868211740510762
8.9	4.87699234667365
9.	4.883980912364799
9.1	4.889128608952474
9.2	4.892459746993054
9.3	4.893998637042921
9.4	4.893769589658457
9.5	4.891735642114999
9.6	4.887959399674222
9.7	4.88256412881657
9.8	4.875609583754784
9.9	4.866886360049288
10.	4.8566424706673725
10.1	4.845127614671656
10.2	4.8325002884746855
10.3	4.818918988489006
10.4	4.804542211127167
10.5	4.789528452801713
10.6	4.774036209925192
10.7	4.75822397891015
10.8	4.742282252341
10.9	4.726297780069097
11.	4.710173518098998
11.1	4.69392495329402
11.2	4.6775675725174795
11.3	4.661116862632696
11.4	4.644588310502986
11.5	4.627997402991668
11.6	4.61135962696206
11.7	4.594690469277479
11.8	4.5780054168012425
11.9	4.561319956396669
12.	4.544649574927075
12.1	4.528009759255781
12.2	4.511415996246102
12.3	4.494883772761356
12.4	4.4784285756648625
12.5	4.462065891819938
12.6	4.4458112080899
12.7	4.4297546030480035
12.8	4.413937318169596
12.9	4.398244565211737
13.	4.38268523574681
13.1	4.3672682213471985
13.2	4.3520024135852875
13.3	4.336896704033459
13.4	4.321959984264099
13.5	4.307201145849592
13.6	4.29262908036232
13.7	4.278346703486724
13.8	4.264268590892533
13.9	4.250390752219034
14.	4.236715287509959
14.1	4.223244296809044
14.2	4.209979880160021
14.3	4.196924137606623
14.4	4.184079169192585
14.5	4.171447074961639
14.6	4.159080912612672
14.7	4.146988553108307
14.8	4.135117074933761
14.9	4.1234642958966425
15.	4.112028033804563
15.1	4.100806106465133
15.2	4.089796331685963
15.3	4.078996527274662
15.4	4.0684045110388425
15.5	4.058018100786113
15.6	4.047835114324085
15.7	4.037853369460369
15.8	4.028070684002575
15.9	4.018484875758313
16.	4.009093762535194
16.1	3.9998951621408283
16.2	3.990886892382826
16.3	3.982066771068798
16.4	3.9734326160063547
16.5	3.9649822450031054
16.6	3.9567134758666618
16.7	3.948624126404634
16.8	3.940712014424632
16.9	3.9329749577342668
17.	3.925410774141148
17.1	3.9180172814528866
17.2	3.910792297477093
17.3	3.903733640021377
17.4	3.8968391268933504
17.5	3.8901065759006217
17.6	3.883533804850803
17.7	3.8771186315515034
17.8	3.870858873810334
17.9	3.864752349434905
18.	3.8587730911264293
18.1	3.852910466017496
18.2	3.84718595237867
18.3	3.841596919364498
18.4	3.8361407361295297
18.5	3.8308147718283125
18.6	3.825616395615395
18.7	3.820542976645325
18.8	3.815591884072652
18.9	3.810760487051923
19.	3.806046154737686
19.1	3.8014462562844904
19.2	3.7969581608468843
19.3	3.792579237579415
19.4	3.7883068556366317
19.5	3.784138384173082
19.6	3.7800711923433146
19.7	3.7761026493018774
19.8	3.7722301242033187
19.9	3.768450986202187
20.	3.7647626044530305
20.1	3.761162348110397
20.2	3.7576475863288357
20.3	3.7542156882628936
20.4	3.75086402306712
20.5	3.7475899598960627
20.6	3.74439086790427
20.7	3.7412641162462896
20.8	3.738207074076671
20.9	3.7352171105499616
21.	3.7322915948207096
21.1	3.7294278960434633
21.2	3.7266233833727713
21.3	3.723875425963181
21.4	3.721181392969242
21.5	3.718538653545502
21.6	3.7159445768465087
21.7	3.7133965320268105
21.8	3.710891888240956
21.9	3.7084280146434936
22.	3.706002280388971
22.1	3.7036120546319364
22.2	3.7012547065269388
22.3	3.698927605228526
22.4	3.696628119891246
22.5	3.694353619669647
22.6	3.6921014737182785
22.7	3.6898353361596556
22.8	3.6874914070422427
22.9	3.685189667316842
23.	3.682929487351871
23.1	3.6807102375157466
23.2	3.678531288176887
23.3	3.6763920097037084
23.4	3.6742917724646293
23.5	3.6722299468280664
23.6	3.6702059031624374
23.7	3.6682190118361593
23.8	3.6662686432176494
23.9	3.6643541676753255
24.	3.662474955577605
24.1	3.6606303772929043
24.2	3.6588198031896417
24.3	3.6570426036362345
24.4	3.6552981490010996
24.5	3.6535858096526543
24.6	3.6519049559593166
24.7	3.650254958289503
24.8	3.6486351870116316
24.9	3.6470450124941194
25.	3.6454838051053837
25.1	3.643950935213842
25.2	3.642445773187912
25.3	3.64096768939601
25.4	3.639516054206554
25.5	3.6380902379879614
25.6	3.6366896111086495
25.7	3.635313543937036
25.8	3.633961406841537
25.9	3.6326325701905717
26.	3.631326404352556
26.1	3.6300422796959078
26.2	3.6287795665890443
26.3	3.6275376354003828
26.4	3.626315856498341
26.5	3.625069772113087
26.6	3.6237866161438257
26.7	3.622522327710701
26.8	3.6212766972046673
26.9	3.620049515016679
27.	3.618840571537691
27.1	3.6176496571586583
27.2	3.6164765622705346
27.3	3.6153210772642757
27.4	3.614182992530835
27.5	3.613062098461168
27.6	3.6119581854462286
27.7	3.6108710438769718
27.8	3.609800464144352
27.9	3.6087462366393246
28.	3.6077081517528433
28.1	3.6066859998758627
28.2	3.6056795713993384
28.3	3.604688656714224
28.4	3.603713046211474
28.5	3.6027525302820442
28.6	3.6018068993168884
28.7	3.600875943706961
28.8	3.599959453843217
28.9	3.5990572201166113
29.	3.5981690329180975
29.1	3.597294682638631
29.2	3.596433959669167
29.3	3.5955866544006585
29.4	3.5947525572240617
29.5	3.59393145853033
29.6	3.593123148710419
29.7	3.5923274181552824
29.8	3.5915440572558754
29.9	3.5907728564031522
30.	3.590013605988068
30.1	3.5892660964015772
30.2	3.588530118034634
30.3	3.5877625243303637
30.4	3.5869809397231625
30.5	3.586208735978513
30.6	3.585445842384924
30.7	3.584692188230906
30.8	3.5839477028049678
30.9	3.583212315395619
31.	3.582485955291369
31.1	3.5817685517807267
31.2	3.5810600341522028
31.3	3.580360331694306
31.4	3.5796693736955456
31.5	3.578987089444431
31.6	3.578313408229472
31.7	3.577648259339178
31.8	3.5769915720620586
31.9	3.576343275686623
32.	3.5757032995013804
32.1	3.5750715727948403
32.2	3.5744480248555126
32.3	3.573832584971907
32.4	3.5732251824325316
32.5	3.5726257465258966
32.6	3.572034206540512
32.7	3.5714504917648866
32.8	3.57087453148753
32.9	3.5703062549969515
33.	3.569745591581661
33.1	3.5691924705301674
33.2	3.5686468211309803
33.3	3.5681085726726094
33.4	3.5675776544435642
33.5	3.5670539957323535
33.6	3.566537525827487
33.7	3.566028174017475
33.8	3.5655258695908256
33.9	3.565030541836049
34.	3.5645421200416547
34.1	3.5640605334961517
34.2	3.56358571148805
34.3	3.5631175833058584
34.4	3.562656078238087
34.5	3.5622011255732446
34.6	3.5617526545998413
34.7	3.561310594606386
34.8	3.5608748748813888
34.9	3.5604454247133583
35.	3.5600221733908044
35.1	3.559605050202237
35.2	3.559193984436164
35.3	3.558788905381097
35.4	3.5583897423255437
35.5	3.5579964245580142
35.6	3.557608881367018
35.7	3.5572270420410645
35.8	3.5568508358686635
35.9	3.5564801921383236
36.	3.556115040138555
36.1	3.5557553091578664
36.2	3.555400928484768
36.3	3.5550518274077687
36.4	3.554707935215378
36.5	3.554369181196106
36.6	3.5540354946384616
36.7	3.553706804830954
36.8	3.553383041062093
36.9	3.553064132620388
37.	3.5527500087943484
37.1	3.552440598872484
37.2	3.5521358321433034
37.3	3.551835637895317
37.4	3.5515399454170336
37.5	3.551248683996963
37.6	3.5509617829236144
37.7	3.5506791714854975
37.8	3.550399232793106
37.9	3.550096780475779
38.	3.549798436910387
38.1	3.5495041610129605
38.2	3.549213911699532
38.3	3.5489276478861314
38.4	3.5486453284887904
38.5	3.5483669124235404
38.6	3.548092358606412
38.7	3.547821625953437
38.8	3.547554673380646
38.9	3.54729145980407
39.	3.54703194413974
39.1	3.546776085303688
39.2	3.5465238422119447
39.3	3.5462751737805407
39.4	3.546030038925508
39.5	3.545788396562877
39.6	3.54555020560868
39.7	3.5453154249789467
39.8	3.5450840135897086
39.9	3.5448559303569978
40.	3.544631134196844
40.1	3.5444095840252796
40.2	3.544191238758335
40.3	3.5439760573120416
40.4	3.5437639986024303
40.5	3.5435550215455325
40.6	3.543349085057379
40.7	3.543146148054001
40.8	3.5429461694514304
40.9	3.5427491081656974
41.	3.5425549231128337
41.1	3.54236357320887
41.2	3.542175017369838
41.3	3.541989214511768
41.4	3.5418061235506917
41.5	3.54162570340264
41.6	3.5414479129836445
41.7	3.5412727112097357
41.8	3.5411000569969455
41.9	3.5409299092613042
42.	3.5407622269188432
42.1	3.5405969688855943
42.2	3.5404340940775874
42.3	3.5402735614108547
42.4	3.540115329801427
42.5	3.5399593581653352
42.6	3.539805605418611
42.7	3.5396540304772848
42.8	3.539504592257388
42.9	3.539357249674952
43.	3.539211961646008
43.1	3.5390686870865866
43.2	3.538927384912719
43.3	3.538788014040437
43.4	3.538650533385771
43.5	3.538514901864753
43.6	3.5383810783934133
43.7	3.538249021887783
43.8	3.5381186912638936
43.9	3.5379900454377764
44.	3.537863043325462
44.1	3.5377376438429824
44.2	3.5376138059063678
44.3	3.5374914884316495
44.4	3.537370650334859
44.5	3.5372512505320275
44.6	3.537133247939186
44.7	3.537016601472365
44.8	3.5369012700475966
44.9	3.5367872125809114
45.	3.5366743879883407
45.1	3.5365627551859156
45.2	3.5364522730896675
45.3	3.536342900615627
45.4	3.536218776719649
45.5	3.536077551356559
45.6	3.5359373646460437
45.7	3.535798211173124
45.8	3.535660085522821
45.9	3.5355229822801553
46.	3.5353868960301487
46.1	3.5352518213578223
46.2	3.535117752848197
46.3	3.5349846850862945
46.4	3.534852612657135
46.5	3.5347215301457404
46.6	3.5345914321371317
46.7	3.5344623132163298
46.8	3.534334167968356
46.9	3.5342069909782317
47.	3.5340807768309777
47.1	3.533955520111615
47.2	3.533831215405165
47.3	3.5337078572966494
47.4	3.533585440371088
47.5	3.5334639592135035
47.6	3.533343408408916
47.7	3.5332237825423465
47.8	3.533105076198817
47.9	3.5329872839633483
48.	3.5328704004209612
48.1	3.5327544201566776
48.2	3.5326393377555174
48.3	3.5325251478025033
48.4	3.532411844882655
48.5	3.532299423580995
48.6	3.532187878482543
48.7	3.5320772041723214
48.8	3.5319673952353505
48.9	3.5318584462566522
49.	3.531750351821247
49.1	3.5316431065141565
49.2	3.531536704920401
49.3	3.531431141625003
49.4	3.5313264112129827
49.5	3.5312225082693613
49.6	3.5311194273791604
49.7	3.5310171631274008
49.8	3.5309157100991033
49.9	3.53081506287929
50.	3.530715216052981
50.1	3.5306161642051985
50.2	3.530517901920963
50.3	3.530420423785295
50.4	3.5303237243832175
50.5	3.53022779829975
50.6	3.530132640119914
50.7	3.5300382444287313
50.8	3.529944605811222
50.9	3.529851718852408
51.	3.529759578137311
51.1	3.5296681782509505
51.2	3.529577513778349
51.3	3.529487579304527
51.4	3.529398369414506
51.5	3.529309878693307
51.6	3.529222101725951
51.7	3.5291350330974596
51.8	3.5290486673928534
51.9	3.528962999197154
52.	3.5288780230953822
52.1	3.5287937336725594
52.2	3.5287101255137063
52.3	3.5286271932038447
52.4	3.5285449313279953
52.5	3.5284633344711795
52.6	3.5283823972184183
52.7	3.528302114154733
52.8	3.5282224798651445
52.9	3.5281434889346737
53.	3.5280598245297004
53.1	3.5279759847762078
53.2	3.5278927105629956
53.3	3.527810000092709
53.4	3.5277278515679926
53.5	3.5276462631914924
53.6	3.5275652331658525
53.7	3.5274847596937184
53.8	3.527404840977735
53.9	3.5273254752205476
54.	3.5272466606248014
54.1	3.527168395393141
54.2	3.5270906777282116
54.3	3.5270135058326586
54.4	3.526936877909127
54.5	3.526860792160261
54.6	3.526785246788707
54.7	3.5267102399971093
54.8	3.526635769988113
54.9	3.526561834964363
55.	3.526488433128505
55.1	3.5264155626831832
55.2	3.5263432218310435
55.3	3.526271408774731
55.4	3.5262001217168897
55.5	3.5261293588601657
55.6	3.5260591184072037
55.7	3.525989398560649
55.8	3.525920197523146
55.9	3.5258515134973405
56.	3.525783344685877
56.1	3.5257156892914012
56.2	3.5256485455165576
56.3	3.5255819115639913
56.4	3.525515785636348
56.5	3.525450165936272
56.6	3.525385050666409
56.7	3.525320438029403
56.8	3.5252563262279004
56.9	3.5251927134645458
57.	3.525129597941984
57.1	3.52506697786286
57.2	3.525004851429819
57.3	3.524943216845507
57.4	3.5248820723125673
57.5	3.524821416033646
57.6	3.5247612462113884
57.7	3.5247015610484387
57.8	3.524642358747443
57.9	3.5245836375110455
58.	3.524525395541892
58.1	3.5244676310426266
58.2	3.524410342215895
58.3	3.5243535272643425
58.4	3.5242971843906137
58.5	3.524241311797354
58.6	3.524185907687208
58.7	3.5241309702628216
58.8	3.524076497726839
58.9	3.5240224882819056
59.	3.5239689401306666
59.1	3.523915851475767
59.2	3.5238632205198512
59.3	3.5238110454655653
59.4	3.523759324515554
59.5	3.5237080558724623
59.6	3.5236572377389352
59.7	3.523606868317618
59.8	3.5235569458111553
59.9	3.5235074684221925
60.	3.5234584343533744
60.1	3.5234098418073465
60.2	3.523361688986754
60.3	3.523313974094241
60.4	3.523266695332454
60.5	3.5232198509040367
60.6	3.523173439011635
60.7	3.5231274578578935
60.8	3.523081905645457
60.9	3.523036780576972
61.	3.522992080855082
61.1	3.5229478046824325
61.2	3.5229039502616692
61.3	3.5228605157954362
61.4	3.5228174994863797
61.5	3.5227748995371435
61.6	3.5227327141503735
61.7	3.522690941528715
61.8	3.5226495798748116
61.9	3.5226086273913104
62.	3.5225680822808547
62.1	3.5225279427460907
62.2	3.5224882069896633
62.3	3.5224488732142167
62.4	3.5224099396223973
62.5	3.522371404416849
62.6	3.5223332658002175
62.7	3.5222955219751477
62.8	3.522258171144285
62.9	3.522221211510274
63.	3.5221846412757594
63.1	3.522148458643387
63.2	3.522112661815802
63.3	3.522077248995649
63.4	3.5220422183855726
63.5	3.522007568188219
63.6	3.521973296606233
63.7	3.5219394018422587
63.8	3.521905882098942
63.9	3.521872735578928
64.	3.521839960484862
64.1	3.5218075550193877
64.2	3.5217755173851515
64.3	3.5217438457847985
64.4	3.5217125384209726
64.5	3.52168159349632
64.6	3.5216510092134854
64.7	3.5216207837751137
64.8	3.5215909153838503
64.9	3.52156140224234
65.	3.521532242553228
65.1	3.521503434519159
65.2	3.5214749763427786
65.3	3.5214468662267318
65.4	3.521419102373663
65.5	3.521391682986218
65.6	3.521364606267042
65.7	3.521337870418779
65.8	3.5213114736440754
65.9	3.5212854141455754
66.	3.521259690125924
66.1	3.5212342997877673
66.2	3.5212096909006
66.3	3.521185717646764
66.4	3.5211620733371287
66.5	3.5211387559391163
66.6	3.5211157634201475
66.7	3.5210930937476435
66.8	3.5210707448890255
66.9	3.5210487148117147
67.	3.5210270014831324
67.1	3.5210056028706993
67.2	3.5209845169418363
67.3	3.5209637416639654
67.4	3.5209432750045075
67.5	3.5209231149308833
67.6	3.520903259410514
67.7	3.5208837064108214
67.8	3.5208644538992258
67.9	3.5208454998431487
68.	3.5208268422100115
68.1	3.520808478967235
68.2	3.5207904080822403
68.3	3.5207726275224487
68.4	3.520755135255281
68.5	3.5207379292481593
68.6	3.5207210074685036
68.7	3.5207043678837358
68.8	3.5206880084612764
68.9	3.520671927168547
69.	3.5206561219729684
69.1	3.5206405908419622
69.2	3.5206253317429494
69.3	3.520610342643351
69.4	3.520595621510588
69.5	3.520581166312082
69.6	3.5205669750152535
69.7	3.520553045587524
69.8	3.520539375996315
69.9	3.520525964209047
70.	3.5205128081931414
70.1	3.520499905916019
70.2	3.520487255345102
70.3	3.5204748544478104
70.4	3.520462701191566
70.5	3.520450793543789
70.6	3.5204391294719017
70.7	3.520427706943325
70.8	3.5204165239254794
70.9	3.5204055783857866
71.	3.520394868291668
71.1	3.520384391610544
71.2	3.5203741463098357
71.3	3.520364130356965
71.4	3.520354341719352
71.5	3.5203447783644193
71.6	3.520335438259587
71.7	3.520326319372276
71.8	3.5203174196699085
71.9	3.5203087371199047
72.	3.520300269689686
72.1	3.5202920153466737
72.2	3.5202839720582886
72.3	3.5202761377919525
72.4	3.520268510515086
72.5	3.52026108819511
72.6	3.520253868799446
72.7	3.5202468502955155
72.8	3.520240030650739
72.9	3.520233407832538
73.	3.5202269798083337
73.1	3.5202207445455467
73.2	3.520214700011599
73.3	3.520208844173911
73.4	3.520203174999904
73.5	3.520197690456999
73.6	3.520192388512618
73.7	3.520187267134181
73.8	3.52018232428911
73.9	3.5201775579448253
74.	3.520172966068749
74.1	3.5201685466283017
74.2	3.520164297590904
74.3	3.5201602169239785
74.4	3.5201563025949447
74.5	3.520152552571225
74.6	3.52014896482024
74.7	3.5201455373094106
74.8	3.5201422680061585
74.9	3.5201391548779046
75.	3.5201361958920696
75.1	3.5201333890160753
75.2	3.5201307322173427
75.3	3.5201282234632925
75.4	3.5201258607213464
75.5	3.520123641958925
75.6	3.5201215651434503
75.7	3.5201196282423424
75.8	3.520117829223023
75.9	3.520116166052913
76.	3.520114636699434
76.1	3.5201132391300063
76.2	3.520111971312052
76.3	3.5201108312129916
76.4	3.5201098168002467
76.5	3.520108926041238
76.6	3.5201081569033867
76.7	3.520107507354114
76.8	3.520106975360841
76.9	3.5201065588909892
77.	3.5201062559119793
77.1	3.5201060643912325
77.2	3.52010598229617
77.3	3.5201060075942134
77.4	3.520106138252783
77.5	3.520106372239301
77.6	3.520106707521187
77.7	3.5201071420658634
77.8	3.520107673840751
77.9	3.5201083008132708
78.	3.5201090209508443
78.1	3.520109832220892
78.2	3.520110732590836
78.3	3.5201117200280962
78.4	3.5201127925000946
78.5	3.5201139479742523
78.6	3.52011518441799
78.7	3.520116499798729
78.8	3.5201178920838907
78.9	3.5201193592408964
79.	3.5201208992371664
79.1	3.5201225100401228
79.2	3.520124189617186
79.3	3.5201259359357775
79.4	3.5201277469633183
79.5	3.5201296206672295
79.6	3.5201315550149324
79.7	3.5201335479738485
79.8	3.520135597511398
79.9	3.5201377015950026
80.	3.5201398581920835
80.1	3.520142065270062
80.2	3.520144320796359
80.3	3.520146622738395
80.4	3.5201489690635923
80.5	3.5201513577393713
80.6	3.5201537867331534
80.7	3.520156254012359
80.8	3.5201587575444107
80.9	3.5201612952967287
81.	3.5201638652367344
81.1	3.5201664653318483
81.2	3.5201690935494923
81.3	3.5201717478570873
81.4	3.5201744262220545
81.5	3.520177126611815
81.6	3.52017984699379
81.7	3.5201825853354003
81.8	3.520185339604067
81.9	3.520188107767212
82.	3.520190887792256
82.1	3.5201936776466196
82.2	3.520196475297725
82.3	3.5201992787129925
82.4	3.5202020858598435
82.5	3.520204894705699
82.6	3.5202077032179804
82.7	3.5202105093641087
82.8	3.520213311111505
82.9	3.5202161064275908
83.	3.5202188932797864
83.1	3.520221669635514
83.2	3.520224433462194
83.3	3.5202271827272478
83.4	3.520229915398096
83.5	3.520232629442161
83.6	3.5202353228268626
83.7	3.520237993519623
83.8	3.5202406394878625
83.9	3.5202432586990025
84.	3.5202458491204642
84.1	3.520248408719669
84.2	3.5202509354640377
84.3	3.5202534273209913
84.4	3.5202558822579513
84.5	3.520258298242339
84.6	3.520260673241575
84.7	3.5202630052230806
84.8	3.520265292154277
84.9	3.520267532002585
85.	3.520269722735427
85.1	3.5202718623202225
85.2	3.5202739487243937
85.3	3.520275979915361
85.4	3.5202779538605466
85.5	3.5202798685273704
85.6	3.5202817218832547
85.7	3.5202835118956197
85.8	3.520285236531887
85.9	3.520286893759477
86.	3.5202884815458124
86.1	3.520289997858313
86.2	3.5202914406644004
86.3	3.5202928079314955
86.4	3.5202940976270196
86.5	3.5202953077183943
86.6	3.52029643617304
86.7	3.5202974809583782
86.8	3.52029844004183
86.9	3.5202993113908163
87.	3.5203000929727586
87.1	3.520300782755078
87.2	3.5203013787051955
87.3	3.5203018787905322
87.4	3.520302280978509
87.5	3.5203025832365475
87.6	3.520302783532069
87.7	3.520302879832494
87.8	3.5203028701052443
87.9	3.5203027523177406
88.	3.5203025244374038
88.1	3.5203021844316553
88.2	3.5203017302679167
88.3	3.5203011599136085
88.4	3.5203004713361525
88.5	3.520299662502969
88.6	3.5202987313814798
88.7	3.5202976759391054
88.8	3.5202964941432677
88.9	3.5202951839613874
89.	3.5202937433608854
89.1	3.5202921703091836
89.2	3.5202904627737026
89.3	3.5202886187218634
89.4	3.5202866361210874
89.5	3.520284512938796
89.6	3.5202822471424096
89.7	3.52027983669935
89.8	3.520277279577038
89.9	3.520274573742895
90.	3.5202717171643423
90.1	3.5202687078088
90.2	3.5202655436436907
90.3	3.5202622226364344
90.4	3.5202587427544527
90.5	3.5202551019651667
90.6	3.5202512982359973
90.7	3.520247329534366
90.8	3.5202431938276937
90.9	3.520238889083402
91.	3.5202344132689114
91.1	3.5202297643516434
91.2	3.520224940299019
91.3	3.520219939078459
91.4	3.5202147586573855
91.5	3.5202093970032187
91.6	3.5202038520833803
91.7	3.520198121865291
91.8	3.5201922043163725
91.9	3.5201860974040455
92.	3.520179799095731
92.1	3.5201733073588506
92.2	3.520166620160825
92.3	3.520159735469076
92.4	3.520152651251024
92.5	3.5201453654740904
92.6	3.5201378761056965
92.7	3.5201301811132635
92.8	3.520122278464212
92.9	3.5201141661259636
93.	3.5201058420659392
93.1	3.52009730425156
93.2	3.5200885506502475
93.3	3.5200795792294226
93.4	3.520070387956506
93.5	3.5200609747989198
93.6	3.520051337724084
93.7	3.5200414746994206
93.8	3.5200313836923502
93.9	3.520021062670294
94.	3.5200105096006737
94.1	3.51999972245091
94.2	3.519988699188424
94.3	3.519977437780637
94.4	3.51996703619497
94.5	3.51996593619497
94.6	3.51996593619497
94.7	3.51996593619497
94.8	3.51996593619497
94.9	3.51996593619497
95.	3.51996593619497
95.1	3.51996593619497
95.2	3.51996593619497
95.3	3.51996593619497
95.4	3.51996593619497
95.5	3.51996593619497
95.6	3.51996593619497
95.7	3.51996593619497
95.8	3.51996593619497
95.9	3.51996593619497
96.	3.51996593619497
96.1	3.51996593619497
96.2	3.51996593619497
96.3	3.51996593619497
96.4	3.51996593619497
96.5	3.51996593619497
96.6	3.51996593619497
96.7	3.51996593619497
96.8	3.51996593619497
96.9	3.51996593619497
97.	3.51996593619497
97.1	3.51996593619497
97.2	3.51996593619497
97.3	3.51996593619497
97.4	3.51996593619497
97.5	3.51996593619497
97.6	3.51996593619497
97.7	3.51996593619497
97.8	3.51996593619497
97.9	3.51996593619497
98.	3.51996593619497
98.1	3.51996593619497
98.2	3.51996593619497
98.3	3.51996593619497
98.4	3.51996593619497
98.5	3.51996593619497
98.6	3.51996593619497
98.7	3.51996593619497
98.8	3.51996593619497
98.9	3.51996593619497
99.	3.51996593619497
99.1	3.51996593619497
99.2	3.51996593619497
99.3	3.51996593619497
99.4	3.51996593619497
99.5	3.51996593619497
99.6	3.51996593619497
99.7	3.51996593619497
99.8	3.51996593619497
99.9	3.51996593619497
100.	3.51996593619497
105.	3.51996593619497
110.	3.51996593619497
115.	3.51996593619497
120.	3.51996593619497
125.	3.51996593619497
130.	3.51996593619497
135.	3.51996593619497
140.	3.51996593619497
145.	3.51996593619497
150.	3.51996593619497
155.	3.51996593619497
160.	3.51996593619497
165.	3.51996593619497
170.	3.51996593619497
175.	3.51996593619497
180.	3.51996593619497
185.	3.51996593619497
190.	3.51996593619497
195.	3.51996593619497
200.	3.51996593619497
205.	3.51996593619497
210.	3.51996593619497
215.	3.51996593619497
220.	3.51996593619497
225.	3.51996593619497
230.	3.51996593619497
235.	3.51996593619497
240.	3.51996593619497
245.	3.51996593619497
250.	3.51996593619497
255.	3.51996593619497
260.	3.51996593619497
265.	3.51996593619497
270.	3.51996593619497
275.	3.51996593619497
280.	3.51996593619497
285.	3.51996593619497
290.	3.51996593619497
295.	3.51996593619497
300.	3.51996593619497
305.	3.51996593619497
310.	3.51996593619497
315.	3.51996593619497
320.	3.51996593619497
325.	3.51996593619497
330.	3.51996593619497
335.	3.51996593619497
340.	3.51996593619497
345.	3.51996593619497
350.	3.51996593619497
355.	3.51996593619497
360.	3.51996593619497
365.	3.51996593619497
370.	3.51996593619497
375.	3.51996593619497
380.	3.51996593619497
385.	3.51996593619497
390.	3.51996593619497
395.	3.51996593619497
400.	3.51996593619497
405.	3.51996593619497
410.	3.51996593619497
415.	3.51996593619497
420.	3.51996593619497
425.	3.51996593619497
430.	3.51996593619497
435.	3.51996593619497
440.	3.51996593619497
445.	3.51996593619497
450.	3.51996593619497
455.	3.51996593619497
460.	3.51996593619497
465.	3.51996593619497
470.	3.51996593619497
475.	3.51996593619497
480.	3.51996593619497
485.	3.51996593619497
490.	3.51996593619497
495.	3.51996593619497
500.	3.51996593619497
550.	3.51996593619497
600.	3.51996593619497
650.	3.51996593619497
700.	3.51996593619497
750.	3.51996593619497
800.	3.51996593619497
850.	3.51996593619497
900.	3.51996593619497
950.	3.51996593619497
1000.	3.51996593619497
1050.	3.51996593619497
1100.	3.51996593619497
1150.	3.51996593619497
1200.	3.51996593619497
1250.	3.51996593619497
1300.	3.51996593619497
1350.	3.51996593619497
1400.	3.51996593619497
1450.	3.51996593619497
1500.	3.51996593619497
1550.	3.51996593619497
1600.	3.51996593619497
1650.	3.51996593619497
1700.	3.51996593619497
1750.	3.51996593619497
1800.	3.51996593619497
1850.	3.51996593619497
1900.	3.51996593619497
1950.	3.51996593619497
2000.	3.51996593619497
2050.	3.51996593619497
2100.	3.51996593619497
2150.	3.51996593619497
2200.	3.51996593619497
2250.	3.51996593619497
2300.	3.51996593619497
2350.	3.51996593619497
2400.	3.51996593619497
2450.	3.51996593619497
2500.	3.51996593619497
2550.	3.51996593619497
2600.	3.51996593619497
2650.	3.51996593619497
2700.	3.51996593619497
2750.	3.51996593619497
2800.	3.51996593619497
2850.	3.51996593619497
2900.	3.51996593619497
2950.	3.51996593619497
3000.	3.51996593619497
3050.	3.51996593619497
3100.	3.51996593619497
3150.	3.51996593619497
3200.	3.51996593619497
3250.	3.51996593619497
3300.	3.51996593619497
3350.	3.51996593619497
3400.	3.51996593619497
3450.	3.51996593619497
3500.	3.51996593619497
3550.	3.51996593619497
3600.	3.51996593619497
3650.	3.51996593619497
3700.	3.51996593619497
3750.	3.51996593619497
3800.	3.51996593619497
3850.	3.51996593619497
3900.	3.51996593619497
3950.	3.51996593619497
4000.	3.51996593619497
4050.	3.51996593619497
4100.	3.51996593619497
4150.	3.51996593619497
4200.	3.51996593619497
4250.	3.51996593619497
4300.	3.51996593619497
4350.	3.51996593619497
4400.	3.51996593619497
4450.	3.51996593619497
4500.	3.51996593619497
4550.	3.51996593619497
4600.	3.51996593619497
4650.	3.51996593619497
4700.	3.51996593619497
4750.	3.51996593619497
4800.	3.51996593619497
4850.	3.51996593619497
4900.	3.51996593619497
4950.	3.51996593619497
5000.	3.51996593619497
5500.	3.51996593619497
6000.	3.51996593619497
6500.	3.51996593619497
7000.	3.51996593619497
7500.	3.51996593619497
8000.	3.51996593619497
8500.	3.51996593619497
9000.	3.51996593619497
9500.	3.51996593619497
10000.	3.51996593619497
20000.	3.51996593619497
30000.	3.51996593619497
40000.	3.51996593619497
50000.	3.51996593619497
60000.	3.51996593619497
70000.	3.51996593619497
80000.	3.51996593619497
90000.	3.51996593619497
100000.	3.51996593619497