5.3	-1.6249887116909782
5.4	-0.7754227798387688
5.5	0.24847668223974004
5.6	1.2984298814986823
5.7	2.1904548106375676
5.8	2.756896550798584
5.9	3.0133769838378863
6.	3.0901340578160843
6.1	3.110473015709973
6.2	3.1208158339824337
6.3	3.1269069583809914
6.4	3.130777796882622
6.5	3.133167120550123
6.6	3.134608529422189
6.7	3.1353235930867487
6.8	3.1355072620560267
6.9	3.135324872641879
7.	3.1348120898560095
7.1	3.1339690968270277
7.2	3.1327960913692134
7.3	3.1312970144720134
7.4	3.1294843866223854
7.5	3.127371925344446
7.6	3.1249733747396924
7.7	3.1223034482144727
7.8	3.1193780825732222
7.9	3.1162132928813904
8.	3.1128250942044287
8.1	3.109230809161968
8.2	3.10545296554866
8.3	3.101515386222449
8.4	3.0974418940412747
8.5	3.0932563749761233
8.6	3.0889836890037947
8.7	3.084649461351239
8.8	3.080279337844323
8.9	3.0758989643089123
9.	3.071534461198988
9.1	3.067220563734577
9.2	3.062999509239901
9.3	3.0589137857999056
9.4	3.0550059295968084
9.5	3.051342573243302
9.6	3.0480534422601893
9.7	3.045278461916027
9.8	3.0431575574793697
9.9	3.0418306221217306
10.	3.041399621504238
10.1	3.041855245937425
10.2	3.043167883520462
10.3	3.045307922352517
10.4	3.048241387963158
10.5	3.051888468361731
10.6	3.0561419413950635
10.7	3.060894216089627
10.8	3.066037701471894
10.9	3.0714648065683376
11.	3.0770687839404474
11.1	3.0827764886012474
11.2	3.0885589008187453
11.3	3.0943899980434977
11.4	3.1002437577260595
11.5	3.1060941573169853
11.6	3.111915174266831
11.7	3.117680786026152
11.8	3.1233675215422467
11.9	3.1289686784180923
12.	3.1344843240909035
12.1	3.1399145448469508
12.2	3.1452594269724994
12.3	3.1505190567538195
12.4	3.1556935204771777
12.5	3.1607829044288405
12.6	3.165787442811706
12.7	3.1707092100796204
12.8	3.175551527901182
12.9	3.1803177415995076
13.	3.1850111964977175
13.1	3.189635237918928
13.2	3.1941932022369945
13.3	3.198687945088319
13.4	3.203121607610579
13.5	3.207496272926347
13.6	3.2118140241581994
13.7	3.2160769410885797
13.8	3.22028686447208
13.9	3.2244452404716224
14.	3.228553478325069
14.1	3.232612987270281
14.2	3.2366251074852372
14.3	3.240590806141651
14.4	3.2445109250462654
14.5	3.2483863059125335
14.6	3.2522177904539076
14.7	3.2560061584105466
14.8	3.259751811840422
14.9	3.263455010534701
15.	3.267116014025027
15.1	3.27073508184305
15.2	3.274312473520417
15.3	3.277848446466571
15.4	3.2813432210319684
15.5	3.2847969860565565
15.6	3.2882099293769254
15.7	3.291582238829676
15.8	3.2949141022513992
15.9	3.2982057074786915
16.	3.301457242348148
16.1	3.3046688924178125
16.2	3.3078407389100506
16.3	3.3109727176182497
16.4	3.3140647535534202
16.5	3.3171167717265773
16.6	3.3201286971487316
16.7	3.323100454830898
16.8	3.3260319697840894
16.9	3.3289231670193185
17.	3.331773971547599
17.1	3.334584369744769
17.2	3.3373546559216107
17.3	3.3400852207740837
17.4	3.342776455031347
17.5	3.3454287494225543
17.6	3.3480424946768625
17.7	3.350618081523427
17.8	3.3531559006914033
17.9	3.3556563429099477
18.	3.3581197964443983
18.1	3.3605465859658143
18.2	3.362936968446914
18.3	3.3652911975747855
18.4	3.3676095270365143
18.5	3.3698922105191866
18.6	3.3721395017098876
18.7	3.3743516542957037
18.8	3.3765289219637205
18.9	3.378671558401024
19.	3.3807798172947
19.1	3.3828539523318337
19.2	3.3848942171995127
19.3	3.386900865584822
19.4	3.3888741511748464
19.5	3.390814327656674
19.6	3.3927216487173877
19.7	3.394596368044078
19.8	3.396438739323827
19.9	3.398249024037503
20.	3.400027610683095
20.1	3.4017749911440056
20.2	3.4034916603082053
20.3	3.405178113063665
20.4	3.4068348442983565
20.5	3.4084623489002497
20.6	3.4100611217573147
20.7	3.4116316577575247
20.8	3.4131744517888483
20.9	3.414689998739259
21.	3.416178793496724
21.1	3.4176413309492175
21.2	3.4190781059847075
21.3	3.4204896134911684
21.4	3.4218763483565686
21.5	3.4232388054688787
21.6	3.424577479716071
21.7	3.4258928659861168
21.8	3.4271854591669846
21.9	3.428455754146647
22.	3.4297042458130744
22.1	3.4309314290542385
22.2	3.4321377987581094
22.3	3.4333238498126577
22.4	3.4344900771058544
22.5	3.435636975525672
22.6	3.4367650399600773
22.7	3.4378747648274057
22.8	3.4389665767418887
22.9	3.44004076427109
23.	3.441097599196527
23.1	3.442137353299713
23.2	3.443160298362163
23.3	3.4441667061653924
23.4	3.4451568484909143
23.5	3.446130997120244
23.6	3.4470894238348966
23.7	3.4480324004163854
23.8	3.448960198646228
23.9	3.4498730903059354
24.	3.4507713471770254
24.1	3.451655241041011
24.2	3.452525043679406
24.3	3.453381026873726
24.4	3.4542234624054866
24.5	3.4550526220562015
24.6	3.4558687776073853
24.7	3.456672200840553
24.8	3.457463163537219
24.9	3.4582419374788973
25.	3.459008794447103
25.1	3.4597640062233523
25.2	3.460507844589159
25.3	3.461240581326034
25.4	3.461962488215498
25.5	3.4626738370390626
25.6	3.4633748995782425
25.7	3.464065947614552
25.8	3.4647472529295062
25.9	3.4654190873046207
26.	3.4660817225214093
26.1	3.4667354303613864
26.2	3.4673804826060657
26.3	3.4680171510369657
26.4	3.4686457074355967
26.5	3.469266420345241
26.6	3.4698794568649807
26.7	3.470484864932223
26.8	3.4710826856738377
26.9	3.4716729602166896
27.	3.4722557296876464
27.1	3.4728310352135794
27.2	3.4733989179213527
27.3	3.4739594189378353
27.4	3.474512579389896
27.5	3.475058440404401
27.6	3.4755970431082193
27.7	3.476128428628218
27.8	3.476652638091265
27.9	3.4771697126242285
28.	3.477679693353975
28.1	3.4781826214073748
28.2	3.4786785379112932
28.3	3.479167483992598
28.4	3.4796495007781587
28.5	3.4801246293948425
28.6	3.4805929109695173
28.7	3.481054386629049
28.8	3.4815090975003087
28.9	3.48195708471016
29.	3.4823983893854753
29.1	3.4828330526531195
29.2	3.4832611156399604
29.3	3.4836826194728663
29.4	3.4840976052787056
29.5	3.4845061141843456
29.6	3.4849081873166545
29.7	3.4853038658024986
29.8	3.485693190768748
29.9	3.486076203342267
30.	3.486452944649927
30.1	3.4868234558185947
30.2	3.487187777975137
30.3	3.4875459553295247
30.4	3.487898071072685
30.5	3.48824423512053
30.6	3.488584557910859
30.7	3.4889191498814713
30.8	3.489248121470168
30.9	3.489571583114749
31.	3.4898896452530144
31.1	3.4902024183227636
31.2	3.490510012761799
31.3	3.4908125390079188
31.4	3.4911101074989244
31.5	3.491402828672615
31.6	3.49169081296679
31.7	3.4919741708192524
31.8	3.4922530126678
31.9	3.4925274489502334
32.	3.4927975901043538
32.1	3.49306354656796
32.2	3.4933254287788538
32.3	3.4935833471748334
32.4	3.4938374121937
32.5	3.494087734273255
32.6	3.494334423851297
32.7	3.494577591365625
32.8	3.4948173472540423
32.9	3.4950538019543473
33.	3.4952870659043396
33.1	3.4955172495418214
33.2	3.4957444633045904
33.3	3.49596881763045
33.4	3.4961904229571963
33.5	3.496409389722633
33.6	3.4966258283645586
33.7	3.4968398493207733
33.8	3.4970515630290775
33.9	3.497261079927271
34.	3.4974685104531553
34.1	3.49767396504453
34.2	3.497877554139194
34.3	3.498079388174949
34.4	3.498279577589594
34.5	3.4984782328209305
34.6	3.4986754643067575
34.7	3.4988713824848765
34.8	3.4990660977930865
34.9	3.499259720669188
35.	3.4994523615509814
35.1	3.4996441308762667
35.2	3.4998351390828444
35.3	3.5000254962733326
35.4	3.5002152724517557
35.5	3.500404459989948
35.6	3.500593042374438
35.7	3.500781003091751
35.8	3.500968325628415
35.9	3.5011549934709576
36.	3.5013409901059047
36.1	3.501526299019785
36.2	3.5017109036991245
36.3	3.5018947876304485
36.4	3.5020779343002872
36.5	3.5022603271951667
36.6	3.5024419498016126
36.7	3.5026227856061536
36.8	3.5028028180953164
36.9	3.502982030755628
37.	3.5031604070736146
37.1	3.503337930535804
37.2	3.5035145846287237
37.3	3.5036903528389
37.4	3.503865218652861
37.5	3.5040391655571326
37.6	3.5042121770382426
37.7	3.504384236582717
37.8	3.504555327677085
37.9	3.5047254338078706
38.	3.5048945384616044
38.1	3.505062625124811
38.2	3.5052296772840172
38.3	3.505395678425751
38.4	3.505560612036541
38.5	3.5057244616029113
38.6	3.5058872106113905
38.7	3.5060488425485055
38.8	3.506209340900784
38.9	3.5063686891547525
39.	3.506526870796937
39.1	3.5066838693138664
39.2	3.5068396681920664
39.3	3.5069942509180647
39.4	3.5071476009783886
39.5	3.507299701859565
39.6	3.5074505370481206
39.7	3.507600090030582
39.8	3.507748344293477
39.9	3.5078952833233332
40.	3.508040890606677
40.1	3.5081851496300356
40.2	3.5083280438799354
40.3	3.508469556842905
40.4	3.508609672005469
40.5	3.5087483728541575
40.6	3.508885642875495
40.7	3.5090214655560095
40.8	3.509155824382227
40.9	3.5092887028406796
41.	3.509420084417887
41.1	3.5095499526003815
41.2	3.509678290874688
41.3	3.509805082727333
41.4	3.5099303116448453
41.5	3.5100539611137513
41.6	3.51017601472139
41.7	3.5102964670959795
41.8	3.5104153337128303
41.9	3.510532632361327
42.	3.510648380830855
42.1	3.510762596910795
42.2	3.510875298390534
42.3	3.5109865030594527
42.4	3.5110962287069385
42.5	3.5112044931223725
42.6	3.5113113140951397
42.7	3.511416709414624
42.8	3.511520696870208
42.9	3.5116232942512777
43.	3.511724519347216
43.1	3.5118243899474058
43.2	3.5119229238412317
43.3	3.512020138818079
43.4	3.512116052667329
43.5	3.512210683178367
43.6	3.5123040481405763
43.7	3.5123961653433415
43.8	3.5124870525760454
43.9	3.5125767276280726
44.	3.5126652082888072
44.1	3.512752512347632
44.2	3.5128386575939317
44.3	3.512923661817091
44.4	3.5130075428064913
44.5	3.513090318351519
44.6	3.5131720062415566
44.7	3.5132526242659883
44.8	3.513332190214197
44.9	3.5134107218755686
45.	3.513488237039485
45.1	3.513564753495332
45.2	3.5136402890324905
45.3	3.5137148614403477
45.4	3.513788488508285
45.5	3.5138611880256874
45.6	3.5139329777819386
45.7	3.5140038755664227
45.8	3.5140738991685225
45.9	3.514143066377623
46.	3.5142113949831084
46.1	3.514278902774361
46.2	3.514345607540765
46.3	3.5144115270717053
46.4	3.5144766791565654
46.5	3.5145410815847296
46.6	3.5146047521455794
46.7	3.514667708628502
46.8	3.5147299688228775
46.9	3.514791550518094
47.	3.514852471503532
47.1	3.5149127495685772
47.2	3.514972402502613
47.3	3.5150314480950224
47.4	3.515089904135191
47.5	3.5151477884124995
47.6	3.5152051187163362
47.7	3.5152619128360825
47.8	3.5153181885611207
47.9	3.515373963680838
48.	3.5154292559846154
48.1	3.5154840832618386
48.2	3.5155384633018913
48.3	3.5155924138941557
48.4	3.5156459528280175
48.5	3.5156990978928606
48.6	3.5157518668780665
48.7	3.515804277573022
48.8	3.5158563477671088
48.9	3.5159080952497126
49.	3.5159595378102155
49.1	3.516010693238002
49.2	3.5160615784712324
49.3	3.516112200715144
49.4	3.5161625609720004
49.5	3.516212660144057
49.6	3.516262499133571
49.7	3.5163120788427973
49.8	3.5163614001739942
49.9	3.5164104640294185
50.	3.5164592713113243
50.1	3.51650782292197
50.2	3.516556119763611
50.3	3.516604162738503
50.4	3.5166519527489046
50.5	3.5166994906970714
50.6	3.516746777485259
50.7	3.5167938140157244
50.8	3.5168406011907227
50.9	3.5168871399125132
51.	3.51693343108335
51.1	3.5169794756054906
51.2	3.517025274381191
51.3	3.517070828312709
51.4	3.517116138302299
51.5	3.5171612052522176
51.6	3.517206030064722
51.7	3.5172506136420685
51.8	3.5172949568865133
51.9	3.5173390607003134
52.	3.5173829259857246
52.1	3.517426553645003
52.2	3.517469944580406
52.3	3.51751309969419
52.4	3.51755601988861
52.5	3.5175987060659253
52.6	3.51764115912839
52.7	3.5176833799782603
52.8	3.5177253695177946
52.9	3.517767128649246
53.	3.517808658274875
53.1	3.5178499592969357
53.2	3.5178910326176838
53.3	3.517931879139378
53.4	3.517972499764273
53.5	3.5180128953946257
53.6	3.5180530669326933
53.7	3.518093015280731
53.8	3.518132741340996
53.9	3.5181722460157436
54.	3.5182115302072328
54.1	3.5182505948177174
54.2	3.518289440749454
54.3	3.5183280689047014
54.4	3.5183664801857133
54.5	3.518404675494747
54.6	3.5184426557340602
54.7	3.518480421805908
54.8	3.5185179746125472
54.9	3.5185553150562354
55.	3.5185924440392258
55.1	3.518629362463777
55.2	3.5186660712321465
55.3	3.5187025712465894
55.4	3.518738863409362
55.5	3.518774948622721
55.6	3.518810827788922
55.7	3.518846501810223
55.8	3.518881971588879
55.9	3.5189172380271487
56.	3.518952302027286
56.1	3.518987164491547
56.2	3.519021826322192
56.3	3.519056288421473
56.4	3.5190905516916478
56.5	3.519124617034974
56.6	3.5191584853537075
56.7	3.519192157550105
56.8	3.5192256345264217
56.9	3.5192589171849145
57.	3.5192920064278406
57.1	3.519324903157456
57.2	3.5193576082760165
57.3	3.5193901226857807
57.4	3.5194224472890023
57.5	3.5194545829879385
57.6	3.5194865306848464
57.7	3.519518291281982
57.8	3.5195498656816016
57.9	3.519581254785963
58.	3.5196124594973215
58.1	3.519643480717933
58.2	3.519674319350054
58.3	3.5197049762959414
58.4	3.519735452457852
58.5	3.5197657487380423
58.6	3.519795866038768
58.7	3.5198258052622857
58.8	3.5198555673108527
58.9	3.5198851530867237
59.	3.5199145634921565
59.1	3.5199437994294067
59.2	3.5199728618007313
59.3	3.5200017515083877
59.4	3.5200304694546305
59.5	3.5200590165417163
59.6	3.5200873936719024
59.7	3.5201156017474453
59.8	3.5201436416706002
59.9	3.5201715143436254
60.	3.520199220668777
60.1	3.520226761548308
60.2	3.52025413788448
60.3	3.520281350579546
60.4	3.520308400535763
60.5	3.520335288655923
60.6	3.520362015888468
60.7	3.52038858326186
60.8	3.5204149918126477
60.9	3.5204412425773772
61.	3.5204673365925983
61.1	3.5204932748948585
61.2	3.5205190585207076
61.3	3.5205446885066936
61.4	3.520570165889365
61.5	3.520595491705269
61.6	3.520620666990956
61.7	3.520645692782972
61.8	3.5206705701178667
61.9	3.520695300032189
62.	3.520719883562486
62.1	3.5207443217453065
62.2	3.5207686156172002
62.3	3.5207927662147145
62.4	3.5208167745743975
62.5	3.5208406417327973
62.6	3.5208643687264627
62.7	3.520887956591943
62.8	3.5209114063657863
62.9	3.520934719084539
63.	3.520957895784752
63.1	3.5209809375029733
63.2	3.52100384527575
63.3	3.521026620139631
63.4	3.521049263131165
63.5	3.521071775286901
63.6	3.5210941576433856
63.7	3.521116411237169
63.8	3.521138537104799
63.9	3.5211605362828227
64.	3.5211824098077917
64.1	3.521204158716251
64.2	3.5212257840447507
64.3	3.5212472868298383
64.4	3.5212686681080636
64.5	3.5212899289159743
64.6	3.5213110702901176
64.7	3.521332093267043
64.8	3.5213529988833
64.9	3.521373788175435
65.	3.521394462179997
65.1	3.5214150219335347
65.2	3.5214354684725966
65.3	3.521455802833731
65.4	3.521476026053486
65.5	3.5214961391684096
65.6	3.521516143215052
65.7	3.5215360392299604
65.8	3.5215558282496815
65.9	3.5215755113107665
66.	3.5215950894497627
66.1	3.5216145637032183
66.2	3.521633935107682
66.3	3.5216532046997022
66.4	3.5216723735158264
66.5	3.521691442592604
66.6	3.521710412966584
66.7	3.521729285674312
66.8	3.5217480617523402
66.9	3.521766742237214
67.	3.5217853281654836
67.1	3.521803820573697
67.2	3.5218222204984
67.3	3.5218405289761456
67.4	3.5218587470434795
67.5	3.52187687573695
67.6	3.5218949160931055
67.7	3.521912869148495
67.8	3.521930735939667
67.9	3.5219485175031706
68.	3.521966214875552
68.1	3.5219838290933616
68.2	3.5220013611931464
68.3	3.522018812211456
68.4	3.522036183184838
68.5	3.5220534751498405
68.6	3.522070689143012
68.7	3.5220878262009028
68.8	3.522104887360059
68.9	3.522121873657029
69.	3.522138786128363
69.1	3.522155625810609
69.2	3.5221723937403127
69.3	3.522189090954026
69.4	3.522205718488295
69.5	3.52222227737967
69.6	3.5222387686646988
69.7	3.5222551933799275
69.8	3.5222715525619073
69.9	3.522287847247186
70.	3.52230407847231
70.1	3.5223202472738304
70.2	3.5223363546882958
70.3	3.522352401752251
70.4	3.522368389502248
70.5	3.5223843189748334
70.6	3.5224001912065557
70.7	3.522416007233965
70.8	3.5224317680936075
70.9	3.5224474748220334
71.	3.522463128455789
71.1	3.5224787300314233
71.2	3.522494280585486
71.3	3.5225097811545254
71.4	3.522525232775089
71.5	3.5225406364837237
71.6	3.5225559933169817
71.7	3.5225713043114086
71.8	3.5225865705035533
71.9	3.522601792929965
72.	3.522616972627191
72.1	3.5226321106317804
72.2	3.5226472079802806
72.3	3.5226622657092426
72.4	3.5226772848552104
72.5	3.522692266454737
72.6	3.522707211544368
72.7	3.5227221210404718
72.8	3.5227369948711242
72.9	3.5227518324790097
73.	3.52276663330345
73.1	3.5227813967837682
73.2	3.522796122359285
73.3	3.5228108094693247
73.4	3.5228254575532088
73.5	3.5228400660502595
73.6	3.5228546343998
73.7	3.522869162041152
73.8	3.522883648413638
73.9	3.52289809295658
74.	3.5229124951093005
74.1	3.522926854311124
74.2	3.5229411700013693
74.3	3.522955441619361
74.4	3.5229696686044223
74.5	3.5229838503958724
74.6	3.522997986433036
74.7	3.523012076155236
74.8	3.523026119001794
74.9	3.5230401144120314
75.	3.5230540618252717
75.1	3.5230679606808377
75.2	3.52308181041805
75.3	3.5230956104762328
75.4	3.5231093602947077
75.5	3.523123059312798
75.6	3.523136706969824
75.7	3.523150302705109
75.8	3.5231638459579777
75.9	3.523177336167749
76.	3.5231907727737473
76.1	3.523204155215295
76.2	3.5232174829317136
76.3	3.5232307553623254
76.4	3.5232439719464543
76.5	3.5232571321234207
76.6	3.523270235332548
76.7	3.523283281013159
76.8	3.523296268604575
76.9	3.52330919754612
77.	3.523322067277114
77.1	3.5233348772368815
77.2	3.523347626864745
77.3	3.5233603156000246
77.4	3.523372942882044
77.5	3.5233855081501266
77.6	3.5233980108435943
77.7	3.523410450401768
77.8	3.5234228262639715
77.9	3.5234351378695274
78.	3.523447384657757
78.1	3.523459566067984
78.2	3.523471681539529
78.3	3.5234837305117157
78.4	3.523495712423866
78.5	3.523507626715303
78.6	3.5235194728253476
78.7	3.523531250193324
78.8	3.5235429582585533
78.9	3.5235545964603587
79.	3.523566164238062
79.1	3.523577661030986
79.2	3.523589086278452
79.3	3.5236004394197837
79.4	3.523611719894303
79.5	3.523622927141332
79.6	3.523634060600194
79.7	3.5236451197102108
79.8	3.523656103910704
79.9	3.5236670126409986
80.	3.523677845340413
80.1	3.5236886014482733
80.2	3.523699280403899
80.3	3.5237098816466137
80.4	3.5237204046157413
80.5	3.5237308487506023
80.6	3.5237412134905193
80.7	3.523751498274815
80.8	3.523761702542811
80.9	3.5237718257338315
81.	3.5237818672871972
81.1	3.5237918266422312
81.2	3.523801703238256
81.3	3.523811496514593
81.4	3.523821205910566
81.5	3.5238308308654966
81.6	3.523840370818708
81.7	3.5238498252095205
81.8	3.523859193477259
81.9	3.523868475061244
82.	3.523877669400799
82.1	3.523886775935246
82.2	3.5238957941039075
82.3	3.5239047233461056
82.4	3.523913563101164
82.5	3.523922312808403
82.6	3.5239309719071454
82.7	3.5239395398367153
82.8	3.523948016036432
82.9	3.523956399945622
83.	3.5239646910036044
83.1	3.5239728886497037
83.2	3.52398099232324
83.3	3.523989001463537
83.4	3.523996915509918
83.5	3.5240047339017044
83.6	3.524012456078218
83.7	3.524020081478782
83.8	3.5240276095427188
83.9	3.5240350397093505
84.	3.524042371417999
84.1	3.5240496041079874
84.2	3.524056737218638
84.3	3.5240637701892736
84.4	3.5240707024592166
84.5	3.5240775334677874
84.6	3.5240842626543105
84.7	3.524090889458108
84.8	3.5240974133185015
84.9	3.5241038336748143
85.	3.5241101499663676
85.1	3.524116361632484
85.2	3.5241224681124885
85.3	3.5241284688456993
85.4	3.524134363271442
85.5	3.5241401508290373
85.6	3.524145830957808
85.7	3.5241514030970773
85.8	3.5241568666861665
85.9	3.524162221164399
86.	3.5241674659710958
86.1	3.52417260054558
86.2	3.5241776243271747
86.3	3.5241825367552013
86.4	3.5241873372689825
86.5	3.5241920253078405
86.6	3.5241966003110976
86.7	3.524201061718077
86.8	3.5242054089681
86.9	3.524209641500491
87.	3.524213758754569
87.1	3.524217760169659
87.2	3.524221645185083
87.3	3.524225413240163
87.4	3.5242290637742215
87.5	3.5242325962265797
87.6	3.5242360100365637
87.7	3.5242393046434923
87.8	3.524242479486687
87.9	3.524245534005474
88.	3.5242484676391728
88.1	3.5242512798271073
88.2	3.5242539700085995
88.3	3.5242565376229713
88.4	3.5242589821095462
88.5	3.5242613029076453
88.6	3.5242634994565907
88.7	3.5242655711957065
88.8	3.524267517564314
88.9	3.5242693380017354
89.	3.524271031947293
89.1	3.524272598840311
89.2	3.524274038120109
89.3	3.5242753492260115
89.4	3.524276531597341
89.5	3.524277584673417
89.6	3.5242785078935657
89.7	3.524279300697107
89.8	3.524279962523364
89.9	3.5242804928116596
90.	3.5242808910013146
90.1	3.524281156531654
90.2	3.5242812888419977
90.3	3.5242812873716685
90.4	3.5242811515599906
90.5	3.524280880846284
90.6	3.524280474669873
90.7	3.524279932470079
90.8	3.524279253686224
90.9	3.524278437757632
91.	3.5242774841236235
91.1	3.524276392223522
91.2	3.52427516149665
91.3	3.5242737913823294
91.4	3.524272281319882
91.5	3.524270630748631
91.6	3.524268839107899
91.7	3.5242669058370084
91.8	3.52426483037528
91.9	3.5242626121620386
92.	3.524260250636605
92.1	3.5242577452383017
92.2	3.5242550954064518
92.3	3.524252300580377
92.4	3.5242493601994003
92.5	3.5242462737028424
92.6	3.524243040530029
92.7	3.52423966012028
92.8	3.5242361319129167
92.9	3.524232455347265
93.	3.5242286298626433
93.1	3.5242246548983784
93.2	3.5242205298937885
93.3	3.524216254288198
93.4	3.5242118275209307
93.5	3.5242072490313054
93.6	3.5242025182586474
93.7	3.5241976346422774
93.8	3.5241925976215196
93.9	3.5241874066356953
94.	3.524182061124126
94.1	3.524176560526136
94.2	3.5241709042810463
94.3	3.5241650918281784
94.4	3.524159122606858
94.5	3.524153844749
94.6	3.524153844749
94.7	3.524153844749
94.8	3.524153844749
94.9	3.524153844749
95.	3.524153844749
95.1	3.524153844749
95.2	3.524153844749
95.3	3.524153844749
95.4	3.524153844749
95.5	3.524153844749
95.6	3.524153844749
95.7	3.524153844749
95.8	3.524153844749
95.9	3.524153844749
96.	3.524153844749
96.1	3.524153844749
96.2	3.524153844749
96.3	3.524153844749
96.4	3.524153844749
96.5	3.524153844749
96.6	3.524153844749
96.7	3.524153844749
96.8	3.524153844749
96.9	3.524153844749
97.	3.524153844749
97.1	3.524153844749
97.2	3.524153844749
97.3	3.524153844749
97.4	3.524153844749
97.5	3.524153844749
97.6	3.524153844749
97.7	3.524153844749
97.8	3.524153844749
97.9	3.524153844749
98.	3.524153844749
98.1	3.524153844749
98.2	3.524153844749
98.3	3.524153844749
98.4	3.524153844749
98.5	3.524153844749
98.6	3.524153844749
98.7	3.524153844749
98.8	3.524153844749
98.9	3.524153844749
99.	3.524153844749
99.1	3.524153844749
99.2	3.524153844749
99.3	3.524153844749
99.4	3.524153844749
99.5	3.524153844749
99.6	3.524153844749
99.7	3.524153844749
99.8	3.524153844749
99.9	3.524153844749
100.	3.524153844749
105.	3.524153844749
110.	3.524153844749
115.	3.524153844749
120.	3.524153844749
125.	3.524153844749
130.	3.524153844749
135.	3.524153844749
140.	3.524153844749
145.	3.524153844749
150.	3.524153844749
155.	3.524153844749
160.	3.524153844749
165.	3.524153844749
170.	3.524153844749
175.	3.524153844749
180.	3.524153844749
185.	3.524153844749
190.	3.524153844749
195.	3.524153844749
200.	3.524153844749
205.	3.524153844749
210.	3.524153844749
215.	3.524153844749
220.	3.524153844749
225.	3.524153844749
230.	3.524153844749
235.	3.524153844749
240.	3.524153844749
245.	3.524153844749
250.	3.524153844749
255.	3.524153844749
260.	3.524153844749
265.	3.524153844749
270.	3.524153844749
275.	3.524153844749
280.	3.524153844749
285.	3.524153844749
290.	3.524153844749
295.	3.524153844749
300.	3.524153844749
305.	3.524153844749
310.	3.524153844749
315.	3.524153844749
320.	3.524153844749
325.	3.524153844749
330.	3.524153844749
335.	3.524153844749
340.	3.524153844749
345.	3.524153844749
350.	3.524153844749
355.	3.524153844749
360.	3.524153844749
365.	3.524153844749
370.	3.524153844749
375.	3.524153844749
380.	3.524153844749
385.	3.524153844749
390.	3.524153844749
395.	3.524153844749
400.	3.524153844749
405.	3.524153844749
410.	3.524153844749
415.	3.524153844749
420.	3.524153844749
425.	3.524153844749
430.	3.524153844749
435.	3.524153844749
440.	3.524153844749
445.	3.524153844749
450.	3.524153844749
455.	3.524153844749
460.	3.524153844749
465.	3.524153844749
470.	3.524153844749
475.	3.524153844749
480.	3.524153844749
485.	3.524153844749
490.	3.524153844749
495.	3.524153844749
500.	3.524153844749
550.	3.524153844749
600.	3.524153844749
650.	3.524153844749
700.	3.524153844749
750.	3.524153844749
800.	3.524153844749
850.	3.524153844749
900.	3.524153844749
950.	3.524153844749
1000.	3.524153844749
1050.	3.524153844749
1100.	3.524153844749
1150.	3.524153844749
1200.	3.524153844749
1250.	3.524153844749
1300.	3.524153844749
1350.	3.524153844749
1400.	3.524153844749
1450.	3.524153844749
1500.	3.524153844749
1550.	3.524153844749
1600.	3.524153844749
1650.	3.524153844749
1700.	3.524153844749
1750.	3.524153844749
1800.	3.524153844749
1850.	3.524153844749
1900.	3.524153844749
1950.	3.524153844749
2000.	3.524153844749
2050.	3.524153844749
2100.	3.524153844749
2150.	3.524153844749
2200.	3.524153844749
2250.	3.524153844749
2300.	3.524153844749
2350.	3.524153844749
2400.	3.524153844749
2450.	3.524153844749
2500.	3.524153844749
2550.	3.524153844749
2600.	3.524153844749
2650.	3.524153844749
2700.	3.524153844749
2750.	3.524153844749
2800.	3.524153844749
2850.	3.524153844749
2900.	3.524153844749
2950.	3.524153844749
3000.	3.524153844749
3050.	3.524153844749
3100.	3.524153844749
3150.	3.524153844749
3200.	3.524153844749
3250.	3.524153844749
3300.	3.524153844749
3350.	3.524153844749
3400.	3.524153844749
3450.	3.524153844749
3500.	3.524153844749
3550.	3.524153844749
3600.	3.524153844749
3650.	3.524153844749
3700.	3.524153844749
3750.	3.524153844749
3800.	3.524153844749
3850.	3.524153844749
3900.	3.524153844749
3950.	3.524153844749
4000.	3.524153844749
4050.	3.524153844749
4100.	3.524153844749
4150.	3.524153844749
4200.	3.524153844749
4250.	3.524153844749
4300.	3.524153844749
4350.	3.524153844749
4400.	3.524153844749
4450.	3.524153844749
4500.	3.524153844749
4550.	3.524153844749
4600.	3.524153844749
4650.	3.524153844749
4700.	3.524153844749
4750.	3.524153844749
4800.	3.524153844749
4850.	3.524153844749
4900.	3.524153844749
4950.	3.524153844749
5000.	3.524153844749
5500.	3.524153844749
6000.	3.524153844749
6500.	3.524153844749
7000.	3.524153844749
7500.	3.524153844749
8000.	3.524153844749
8500.	3.524153844749
9000.	3.524153844749
9500.	3.524153844749
10000.	3.524153844749
20000.	3.524153844749
30000.	3.524153844749
40000.	3.524153844749
50000.	3.524153844749
60000.	3.524153844749
70000.	3.524153844749
80000.	3.524153844749
90000.	3.524153844749
100000.	3.524153844749