5.3	-0.33063446637915916
5.4	-0.3360488554723712
5.5	-0.34135450283334984
5.6	-0.3466381372375093
5.7	-0.35180310531038766
5.8	-0.3568097831177759
5.9	-0.36155066049785173
6.	-0.3659375927819492
6.1	-0.36986036254945737
6.2	-0.3732426027132858
6.3	-0.3760338045836631
6.4	-0.3781637076981793
6.5	-0.3794959381320356
6.6	-0.3800323336807825
6.7	-0.37976413328884934
6.8	-0.37865965396523943
6.9	-0.3765972788391257
7.	-0.3736727066240056
7.1	-0.36989894111786015
7.2	-0.3652706882718417
7.3	-0.3597574611995706
7.4	-0.35346537614504425
7.5	-0.34643829746493804
7.6	-0.3387073806091442
7.7	-0.3303166148265265
7.8	-0.32134099584553055
7.9	-0.3118375332228314
8.	-0.3018752811273289
8.1	-0.2915011612228924
8.2	-0.2807567803149418
8.3	-0.26969090648782756
8.4	-0.25835690840779824
8.5	-0.24679775794788647
8.6	-0.23505899348845188
8.7	-0.22318042186683457
8.8	-0.21113883657824017
8.9	-0.19909756917617374
9.	-0.18714103274035226
9.1	-0.17534428478944233
9.2	-0.16378314669027041
9.3	-0.15257741854718485
9.4	-0.14182499966856718
9.5	-0.1316965350367504
9.6	-0.12225504682714874
9.7	-0.11346883210599229
9.8	-0.10537518790390905
9.9	-0.0981202975881326
10.	-0.09162579422321135
10.1	-0.08582348761343728
10.2	-0.08068594078446728
10.3	-0.07623090659351656
10.4	-0.07236776752107771
10.5	-0.06904556602335787
10.6	-0.06621371167873527
10.7	-0.06381764822870371
10.8	-0.061821916098658065
10.9	-0.06018244687234005
11.	-0.058844487676355584
11.1	-0.057763128747737376
11.2	-0.05692182718649989
11.3	-0.056287976569929045
11.4	-0.055813840537191066
11.5	-0.055478899744317633
11.6	-0.055270710837296275
11.7	-0.05516725869423576
11.8	-0.05513111451074461
11.9	-0.055159334253266495
12.	-0.05524118799647269
12.1	-0.055362044938126784
12.2	-0.055497565839181036
12.3	-0.055650869736218835
12.4	-0.05581355219075732
12.5	-0.05597485880846629
12.6	-0.05612381759830434
12.7	-0.05626150297952798
12.8	-0.05638307940797436
12.9	-0.05648116810159553
13.	-0.056552007260086516
13.1	-0.05659549837374905
13.2	-0.05660898624609872
13.3	-0.05658794659395251
13.4	-0.05653165483696276
13.5	-0.056439341508210575
13.6	-0.05630948407802231
13.7	-0.05613935410482521
13.8	-0.0559290924653493
13.9	-0.05567783359080177
14.	-0.05538459000968309
14.1	-0.055048272826851256
14.2	-0.054668234722856035
14.3	-0.05424363137252024
14.4	-0.05377367472833444
14.5	-0.0532575302641783
14.6	-0.05269420098671967
14.7	-0.05208277986085039
14.8	-0.0514227118392407
14.9	-0.050712822925505704
15.	-0.049951717127318926
15.1	-0.04913823516930589
15.2	-0.04827174798113843
15.3	-0.04735045262822106
15.4	-0.04637278511267604
15.5	-0.04533732836236897
15.6	-0.04424316253639634
15.7	-0.04308801902711629
15.8	-0.04187019087023504
15.9	-0.040588196406247196
16.	-0.03924061853059671
16.1	-0.037824778449333615
16.2	-0.03633860763125304
16.3	-0.03478028730963306
16.4	-0.0331476586490812
16.5	-0.03143816643473192
16.6	-0.029649521569799425
16.7	-0.027779434957497913
16.8	-0.02582561750104139
16.9	-0.023785780103644148
17.	-0.02165763366852017
17.1	-0.019437178413193007
17.2	-0.01712243065092405
17.3	-0.014710919947881273
17.4	-0.012200079054883017
17.5	-0.009587340722747275
17.6	-0.006870137702292302
17.7	-0.004045902744336369
17.8	-0.0011120685996974435
17.9	0.0019339319808060974
18.	0.0050986481748743345
18.1	0.008385599243574654
18.2	0.011792952286068137
18.3	0.015323016681414458
18.4	0.0189781018086728
18.5	0.022760517046902847
18.6	0.02667257177516391
18.7	0.03071657537251528
18.8	0.034894837218016665
18.9	0.039210215597149364
19.	0.04368371118449798
19.1	0.04829700994894392
19.2	0.05305107495190441
19.3	0.057946869254797195
19.4	0.06298535591903934
19.5	0.06816749800604857
19.6	0.07349425857724216
19.7	0.0789666006940373
19.8	0.08458548741785178
19.9	0.0903518818101026
20.	0.09626674693220758
20.1	0.10233104584558392
20.2	0.10854574161164879
20.3	0.11491179729182008
20.4	0.12143017594751468
20.5	0.1281018406401505
20.6	0.1349277544311447
20.7	0.14190888038191443
20.8	0.14904708496436697
20.9	0.15633498123565417
21.	0.1637520175108929
21.1	0.17129197824802167
21.2	0.17894864790497886
21.3	0.1867158109397038
21.4	0.19458725181013467
21.5	0.20255675497421077
21.6	0.2106181048898706
21.7	0.2187650860150525
21.8	0.22699148280769593
21.9	0.23529107972573893
22.	0.2436576612271209
22.1	0.25208501176978027
22.2	0.2605669158116554
22.3	0.2690971578106857
22.4	0.27766952222480934
22.5	0.28627779351196564
22.6	0.29491575613009297
22.7	0.3035644760976829
22.8	0.31218883776366424
22.9	0.3208253755965096
23.	0.32946879179219324
23.1	0.33811378854668855
23.2	0.3467550680559691
23.3	0.3553873325160092
23.4	0.364005284122782
23.5	0.37260362507226175
23.6	0.38117705756042203
23.7	0.38972028378323625
23.8	0.39822800593667873
23.9	0.40669492621672265
24.	0.41511574681934227
24.1	0.42348516994051116
24.2	0.4317978977762027
24.3	0.4400486325223912
24.4	0.44823207637504986
24.5	0.45634293153015304
24.6	0.46428655113551454
24.7	0.4719717803201904
24.8	0.47957450344511554
24.9	0.48709389706536255
25.	0.494529137736005
25.1	0.5018794020121156
25.2	0.5091438664487671
25.3	0.5163217076010331
25.4	0.5234121020239862
25.5	0.5304142262727
25.6	0.537327256902247
25.7	0.5441503704677002
25.8	0.5508827435241332
25.9	0.5575235526266183
26.	0.5640719743302294
26.1	0.5705271851900389
26.2	0.5768883617611199
26.3	0.5831546805985457
26.4	0.589325318257389
26.5	0.5953453641600434
26.6	0.6011997175495366
26.7	0.6069589028629626
26.8	0.6126241708469058
26.9	0.6181967722479498
27.	0.623677957812679
27.1	0.6290689782876775
27.2	0.634371084419529
27.3	0.6395855269548181
27.4	0.6447135566401284
27.5	0.6497564242220444
27.6	0.6547153804471499
27.7	0.659591676062029
27.8	0.6643865618132658
27.9	0.6691012884474443
28.	0.673737106711149
28.1	0.6782952673509633
28.2	0.6827770211134717
28.3	0.6871836187452584
28.4	0.6915170253261917
28.5	0.695778371210179
28.6	0.6999682789924057
28.7	0.7040879772205362
28.8	0.7081386944422359
28.9	0.7121216592051693
29.	0.7160381000570017
29.1	0.7198892455453977
29.2	0.723676324218022
29.3	0.7274005646225398
29.4	0.7310631953066156
29.5	0.7346654448179146
29.6	0.7382085417041016
29.7	0.7416937145128412
29.8	0.7451221917917985
29.9	0.7484952020886384
30.	0.7518139739510257
30.1	0.7550797359266253
30.2	0.7582937165631017
30.3	0.7614732598831777
30.4	0.764612129771993
30.5	0.7677022118437486
30.6	0.7707443136074492
30.7	0.7737392425720999
30.8	0.7766878062467059
30.9	0.7795908121402719
31.	0.7824490677618032
31.1	0.7852633806203048
31.2	0.7880345582247814
31.3	0.7907634080842384
31.4	0.7934507377076807
31.5	0.7960973546041133
31.6	0.7987040662825413
31.7	0.8012716802519695
31.8	0.8038010040214033
31.9	0.8062928450998473
32.	0.8087480109963069
32.1	0.8111673092197869
32.2	0.8135645249354531
32.3	0.815931680808828
32.4	0.8182648806317216
32.5	0.8205646393963515
32.6	0.8228314720949355
32.7	0.8250658937196915
32.8	0.8272684192628372
32.9	0.8294395637165908
33.	0.8315798420731699
33.1	0.8336897693247927
33.2	0.8357698604636766
33.3	0.8378206304820397
33.4	0.8398425943721
33.5	0.8418362671260751
33.6	0.843802163736183
33.7	0.8457407991946417
33.8	0.8476526884936687
33.9	0.8495383466254822
34.	0.8513982885823
34.1	0.8532419865131444
34.2	0.8550624396555775
34.3	0.8568583932458453
34.4	0.8586301847225403
34.5	0.8603781515242541
34.6	0.862102631089579
34.7	0.8638039608571069
34.8	0.8654824782654296
34.9	0.8671385207531395
35.	0.8687724257588284
35.1	0.8703845307210883
35.2	0.8719751730785114
35.3	0.8735446902696894
35.4	0.8750934197332146
35.5	0.8766216989076788
35.6	0.8781298652316742
35.7	0.8796182561437929
35.8	0.8810872090826264
35.9	0.8825370614867671
36.	0.883974810985309
36.1	0.8853943588418466
36.2	0.8867955884559021
36.3	0.8881787194298746
36.4	0.8895439713661629
36.5	0.8908915638671662
36.6	0.8922217165352831
36.7	0.893534648972913
36.8	0.8948305807824545
36.9	0.8961097315663068
37.	0.8973723209268688
37.1	0.8986185684665394
37.2	0.8998486937877178
37.3	0.9010629164928027
37.4	0.9022614561841932
37.5	0.9034445324642882
37.6	0.9046123649354869
37.7	0.905765173200188
37.8	0.9069035539139638
37.9	0.9080340333132271
38.	0.9091504499954574
38.1	0.9102529658464535
38.2	0.9113417427520144
38.3	0.9124169425979386
38.4	0.9134787272700251
38.5	0.9145272586540727
38.6	0.9155626986358801
38.7	0.9165852091012463
38.8	0.9175949519359697
38.9	0.9185920890258495
39.	0.9195767822566844
39.1	0.9205491935142731
39.2	0.9215094846844144
39.3	0.9224578176529071
39.4	0.9233943543055502
39.5	0.9243192565281423
39.6	0.9252326862064821
39.7	0.9261348052263687
39.8	0.9270257754736007
39.9	0.9279057588339769
40.	0.9287749171932961
40.1	0.9296334124373572
40.2	0.9304814064519589
40.3	0.9313190611229
40.4	0.9321465383359794
40.5	0.9329639999769958
40.6	0.933771607931748
40.7	0.9345695240860349
40.8	0.9353579103256551
40.9	0.9361369285364075
41.	0.9369067406040911
41.1	0.9376675084145043
41.2	0.9384193938534463
41.3	0.9391625588067156
41.4	0.9398971651601111
41.5	0.9406233747994317
41.6	0.9413452152323458
41.7	0.9420699488194736
41.8	0.942786692725658
41.9	0.9434955464504711
42.	0.9441966094934849
42.1	0.9448899813542718
42.2	0.9455757615324037
42.3	0.9462540495274527
42.4	0.9469249448389909
42.5	0.9475885469665906
42.6	0.9482449554098235
42.7	0.948894269668262
42.8	0.949536589241478
42.9	0.9501720136290437
43.	0.9508006423305313
43.1	0.9514225748455126
43.2	0.9520379106735601
43.3	0.9526467493142455
43.4	0.9532491902671412
43.5	0.9538453330318192
43.6	0.9544352771078515
43.7	0.9550191219948102
43.8	0.9555969671922675
43.9	0.9561689121997954
44.	0.9567350565169661
44.1	0.9572954996433517
44.2	0.9578503410785242
44.3	0.9583996803220557
44.4	0.9589436168735184
44.5	0.9594822502324842
44.6	0.9600156798985254
44.7	0.960544005371214
44.8	0.9610673261501221
44.9	0.9615857417348219
45.	0.9620993516248854
45.1	0.9626082553198846
45.2	0.9631125523193917
45.3	0.9636123421229789
45.4	0.964114099859912
45.5	0.9646188352164653
45.6	0.9651192775847324
45.7	0.9656154689576466
45.8	0.9661074513281412
45.9	0.96659526668915
46.	0.9670789570336059
46.1	0.9675585643544427
46.2	0.9680341306445935
46.3	0.968505697896992
46.4	0.9689733081045714
46.5	0.9694370032602652
46.6	0.9698968253570067
46.7	0.9703528163877294
46.8	0.9708050183453667
46.9	0.9712534732228519
47.	0.9716982230131186
47.1	0.9721393097091
47.2	0.9725767753037297
47.3	0.9730106617899408
47.4	0.973441011160667
47.5	0.9738678654088415
47.6	0.974291266527398
47.7	0.9747112565092695
47.8	0.9751278773473896
47.9	0.9755411710346918
48.	0.9759511795641094
48.1	0.9763579449285759
48.2	0.9767615091210244
48.3	0.9771619141343887
48.4	0.977559201961602
48.5	0.9779534145955977
48.6	0.9783445940293092
48.7	0.97873278225567
48.8	0.9791180212676134
48.9	0.9795003530580728
49.	0.9798798196199817
49.1	0.9802564629462734
49.2	0.9806333526263499
49.3	0.9810089735284138
49.4	0.9813818655007138
49.5	0.9817520515844511
49.6	0.9821195548208271
49.7	0.9824843982510432
49.8	0.9828466049163004
49.9	0.9832061978578002
50.	0.9835632001167438
50.1	0.9839176347343325
50.2	0.9842695247517677
50.3	0.9846188932102505
50.4	0.9849657631509824
50.5	0.9853101576151646
50.6	0.9856520996439984
50.7	0.985991612278685
50.8	0.9863287185604259
50.9	0.9866634415304222
51.	0.9869958042298753
51.1	0.9873258296999864
51.2	0.9876535409819569
51.3	0.987978961116988
51.4	0.988302113146281
51.5	0.9886230201110373
51.6	0.988941705052458
51.7	0.9892581910117446
51.8	0.9895725010300983
51.9	0.9898846581487204
52.	0.9901946854088122
52.1	0.9905026058515749
52.2	0.99080844251821
52.3	0.9911122184499185
52.4	0.9914139566879019
52.5	0.9917136802733615
52.6	0.9920114122474986
52.7	0.9923071756515143
52.8	0.99260099352661
52.9	0.9928928889139871
53.	0.9931828848548468
53.1	0.9934710043903904
53.2	0.9937572705618192
53.3	0.9940417064103345
53.4	0.9943243349771376
53.5	0.9946051793034297
53.6	0.9948842624304122
53.7	0.9951616073992864
53.8	0.9954372372512534
53.9	0.9957111750275147
54.	0.9959834437692716
54.1	0.9962540665177253
54.2	0.9965230663140772
54.3	0.9967904661995284
54.4	0.9970562892152803
54.5	0.9973205584025342
54.6	0.9975832968024915
54.7	0.9978445274563532
54.8	0.9981042734053208
54.9	0.9983625576905957
55.	0.998619403353379
55.1	0.998874833434872
55.2	0.9991288709762761
55.3	0.9993815390187925
55.4	0.9996328606036226
55.5	0.9998828587719675
55.6	1.0001315565650286
55.7	1.0003789770240072
55.8	1.0006251431901048
55.9	1.0008700781045223
56.	1.0011138048084613
56.1	1.001356346343123
56.2	1.0015977257497084
56.3	1.0018379660694192
56.4	1.0020770903434566
56.5	1.002315121613022
56.6	1.0025520829193162
56.7	1.0027873813642159
56.8	1.003014454917139
56.9	1.0032399178319449
57.	1.0034637774643969
57.1	1.0036860411702573
57.2	1.0039067163052893
57.3	1.0041258102252555
57.4	1.0043433302859186
57.5	1.0045592838430413
57.6	1.0047736782523866
57.7	1.004986520869717
57.8	1.0051978190507955
57.9	1.0054075801513849
58.	1.0056158115272475
58.1	1.0058225205341467
58.2	1.006027714527845
58.3	1.0062314008641051
58.4	1.0064335868986898
58.5	1.0066342799873618
58.6	1.006833487485884
58.7	1.007031216750019
58.8	1.00722747513553
58.9	1.0074222699981792
59.	1.0076156086937298
59.1	1.0078074985779444
59.2	1.0079979470065856
59.3	1.0081869613354164
59.4	1.0083745489201994
59.5	1.0085607171166975
59.6	1.0087454732806735
59.7	1.00892882476789
59.8	1.00911077893411
59.9	1.009291343135096
60.	1.0094705247266111
60.1	1.0096483310644178
60.2	1.0098247695042788
60.3	1.0099998474019571
60.4	1.0101735721132152
60.5	1.0103459509938164
60.6	1.010516991399523
60.7	1.0106867006860976
60.8	1.0108550862093035
60.9	1.011022155324903
61.	1.0111879153886594
61.1	1.0113523737563348
61.2	1.0115155377836924
61.3	1.011677414826495
61.4	1.0118380122405053
61.5	1.011997337381486
61.6	1.0121553976051998
61.7	1.0123122002674094
61.8	1.012467752723878
61.9	1.012622062330368
62.	1.012775136442642
62.1	1.0129269824164633
62.2	1.0130776076075945
62.3	1.013227019371798
62.4	1.013375225064837
62.5	1.013522232042474
62.6	1.0136680476604718
62.7	1.0138126792745934
62.8	1.0139561342406012
62.9	1.0140984199142582
63.	1.0142395436513272
63.1	1.014379512807571
63.2	1.014518334738752
63.3	1.0146560168006336
63.4	1.014792566348978
63.5	1.014927990739548
63.6	1.015062297328107
63.7	1.015195493470417
63.8	1.015327586522241
63.9	1.015458583839342
64.	1.0155884927774825
64.1	1.0157173206924255
64.2	1.0158450749399337
64.3	1.0159717628757696
64.4	1.0160973918556964
64.5	1.0162219692354764
64.6	1.0163455023708727
64.7	1.0164679986176481
64.8	1.0165894653315652
64.9	1.0167099098683867
65.	1.0168293395838757
65.1	1.0169477618337945
65.2	1.0170651839739064
65.3	1.0171816133599738
65.4	1.0172970573477595
65.5	1.0174115232930263
65.6	1.0175250185515372
65.7	1.0176375504790545
65.8	1.0177491264313414
65.9	1.0178597537641605
66.	1.0179694398332744
66.1	1.0180781919944462
66.2	1.0181860176034383
66.3	1.018292924016014
66.4	1.0183989185879354
66.5	1.0185040086749657
66.6	1.0186082016328677
66.7	1.018711504817404
66.8	1.0188139255843374
66.9	1.0189154712894306
67.	1.0190161492884464
67.1	1.0191159669371477
67.2	1.0192149315912973
67.3	1.0193130506066577
67.4	1.0194103313389917
67.5	1.0195067811440623
67.6	1.0196024073776322
67.7	1.0196972173954642
67.8	1.0197912185533207
67.9	1.019884418206965
68.	1.0199768237121596
68.1	1.020068442424667
68.2	1.0201592817002507
68.3	1.0202493488946727
68.4	1.0203386513636963
68.5	1.0204271964630838
68.6	1.0205149915485985
68.7	1.0206020439760026
68.8	1.0206883611010595
68.9	1.0207739502795314
69.	1.0208588188671814
69.1	1.0209429742197722
69.2	1.0210264236930664
69.3	1.021109174642827
69.4	1.0211912344248166
69.5	1.021272610394798
69.6	1.0213533099085341
69.7	1.0214333403217877
69.8	1.021512708990321
69.9	1.0215914232698977
70.	1.0216694905162798
70.1	1.0217469180852305
70.2	1.0218237133325123
70.3	1.0218998836138882
70.4	1.0219754362851206
70.5	1.0220503787019726
70.6	1.0221247182202071
70.7	1.0221984621955864
70.8	1.0222716179838736
70.9	1.0223441929408315
71.	1.0224161944222225
71.1	1.02248762978381
71.2	1.022558506381356
71.3	1.0226288315706238
71.4	1.022698612707376
71.5	1.0227678571473755
71.6	1.0228365722463848
71.7	1.0229047653601668
71.8	1.0229724438444845
71.9	1.0230396150551004
72.	1.0231062863477773
72.1	1.0231724650782779
72.2	1.0232381586023653
72.3	1.0233033742758018
72.4	1.0233681194543505
72.5	1.0234324014937741
72.6	1.0234962277498352
72.7	1.023559605578297
72.8	1.0236225423349217
72.9	1.0236850453754724
73.	1.0237471220557117
73.1	1.0238087797314026
73.2	1.0238700257583078
73.3	1.0239308674921899
73.4	1.0239913122888118
73.5	1.0240513675039364
73.6	1.024111040493326
73.7	1.024170338612744
73.8	1.0242292692179527
73.9	1.024287839664715
74.	1.0243460573087937
74.1	1.0244039295059517
74.2	1.0244614636119513
74.3	1.024518666982556
74.4	1.0245755469735278
74.5	1.02463211094063
74.6	1.0246883662396251
74.7	1.024744320226276
74.8	1.0247999802563454
74.9	1.0248553536855962
75.	1.024910447869791
75.1	1.0249652701646925
75.2	1.0250198279260638
75.3	1.0250741285096674
75.4	1.025128179271266
75.5	1.0251819875666228
75.6	1.0252355607515
75.7	1.0252889061816608
75.8	1.0253420312128676
75.9	1.0253949432008835
76.	1.0254476495014713
76.1	1.0255001574703932
76.2	1.0255524744634128
76.3	1.0256046078362921
76.4	1.0256565649447944
76.5	1.0257083531446822
76.6	1.0257599797917185
76.7	1.025811452241666
76.8	1.0258627778502871
76.9	1.0259139639733448
77.	1.0259650179666022
77.1	1.0260159471858215
77.2	1.026066758986766
77.3	1.0261174607251982
77.4	1.0261680597568807
77.5	1.0262185634375764
77.6	1.0262689791230484
77.7	1.026319314169059
77.8	1.0263695759313713
77.9	1.026419771765748
78.	1.0264699090279514
78.1	1.026519995073745
78.2	1.026570037258891
78.3	1.0266200429391528
78.4	1.0266700194702925
78.5	1.026719974208073
78.6	1.0267699145082574
78.7	1.0268198477266082
78.8	1.0268697812188883
78.9	1.0269197223408604
79.	1.0269696784482871
79.1	1.0270196568969314
79.2	1.0270696650425561
79.3	1.0271197102409237
79.4	1.0271697998477973
79.5	1.0272199412189396
79.6	1.027270141710113
79.7	1.0273204086770809
79.8	1.0273707494756055
79.9	1.0274211714614498
80.	1.0274716819903766
80.1	1.0275222884181485
80.2	1.0275729981005286
80.3	1.0276238183932793
80.4	1.0276747566521636
80.5	1.027725820232944
80.6	1.0277770164913835
80.7	1.027828352783245
80.8	1.027879836464291
80.9	1.0279314748902844
81.	1.0279832754169878
81.1	1.0280352454001642
81.2	1.0280873921955762
81.3	1.0281397231589866
81.4	1.0281922456461583
81.5	1.028244967012854
81.6	1.0282978946148362
81.7	1.0283510358078682
81.8	1.0284043979477122
81.9	1.0284579883901315
82.	1.0285118144908885
82.1	1.0285658836057459
82.2	1.0286202030904668
82.3	1.0286747803008138
82.4	1.0287296225925497
82.5	1.0287847373214372
82.6	1.028840131843239
82.7	1.028895813513718
82.8	1.028951789688637
82.9	1.029008067723759
83.	1.0290646549748461
83.1	1.0291215587976617
83.2	1.0291787865479682
83.3	1.0292363455815283
83.4	1.0292942432541052
83.5	1.0293524869214614
83.6	1.0294110839393598
83.7	1.0294700416635627
83.8	1.0295293674498334
83.9	1.0295890686539346
84.	1.029649152631629
84.1	1.029709626738679
84.2	1.029770498330848
84.3	1.0298317747638983
84.4	1.0298934633935928
84.5	1.0299555715756945
84.6	1.0300181066659657
84.7	1.0300810760201697
84.8	1.0301444869940688
84.9	1.030208346943426
85.	1.0302726632240042
85.1	1.0303374431915657
85.2	1.0304026942018738
85.3	1.0304684236106911
85.4	1.0305346387737802
85.5	1.030601347046904
85.6	1.0306685557858253
85.7	1.0307362723463067
85.8	1.030804504084111
85.9	1.030873258355001
86.	1.0309425425147398
86.1	1.0310123639190898
86.2	1.0310827299238137
86.3	1.0311536478846746
86.4	1.031225125157435
86.5	1.0312971690978576
86.6	1.0313697870617056
86.7	1.0314429864047414
86.8	1.0315167744827278
86.9	1.0315911586514277
87.	1.0316661462666037
87.1	1.0317417446840187
87.2	1.0318179612594354
87.3	1.0318948033486166
87.4	1.031972278307325
87.5	1.0320503934913234
87.6	1.0321291562563748
87.7	1.0322085739582416
87.8	1.0322886539526868
87.9	1.0323694035954731
88.	1.0324508302423632
88.1	1.03253294124912
88.2	1.0326157439715062
88.3	1.0326992457652846
88.4	1.032783453986218
88.5	1.032868375990069
88.6	1.0329540191326005
88.7	1.033040390769575
88.8	1.033127498256756
88.9	1.0332153489499054
89.	1.0333039502047865
89.1	1.033393309377162
89.2	1.0334834338227943
89.3	1.0335743308974468
89.4	1.0336660079568816
89.5	1.0337584723568618
89.6	1.0338517314531503
89.7	1.0339457926015097
89.8	1.0340406631577028
89.9	1.0341363504774923
90.	1.034232861916641
90.1	1.0343302048309118
90.2	1.0344283865760673
90.3	1.0345274145078704
90.4	1.0346272959820837
90.5	1.0347280383544701
90.6	1.0348296489807922
90.7	1.034932135216813
90.8	1.0350355044182953
90.9	1.0351397639410016
91.	1.0352449211406947
91.1	1.0353509833731376
91.2	1.035457957994093
91.3	1.0355658523593234
91.4	1.0356746738245919
91.5	1.035784429745661
91.6	1.035895127478294
91.7	1.0360067743782528
91.8	1.036119377801301
91.9	1.0362329451032009
92.	1.0363474836397153
92.1	1.036463000766607
92.2	1.0365795038396388
92.3	1.0366970002145737
92.4	1.0368154972471741
92.5	1.036935002293203
92.6	1.0370555227084228
92.7	1.0371770658485968
92.8	1.0372996390694875
92.9	1.0374232497268578
93.	1.0375479051764702
93.1	1.0376736127740878
93.2	1.037800379875473
93.3	1.0379282138363888
93.4	1.0380571220125978
93.5	1.0381871117598631
93.6	1.0383181904339471
93.7	1.038450365390613
93.8	1.038583643985623
93.9	1.0387180335747404
94.	1.0388535415137274
94.1	1.0389901751583475
94.2	1.0391279418643629
94.3	1.0392668489875365
94.4	1.039406903883631
94.5	1.039529
94.6	1.039529
94.7	1.039529
94.8	1.039529
94.9	1.039529
95.	1.039529
95.1	1.039529
95.2	1.039529
95.3	1.039529
95.4	1.039529
95.5	1.039529
95.6	1.039529
95.7	1.039529
95.8	1.039529
95.9	1.039529
96.	1.039529
96.1	1.039529
96.2	1.039529
96.3	1.039529
96.4	1.039529
96.5	1.039529
96.6	1.039529
96.7	1.039529
96.8	1.039529
96.9	1.039529
97.	1.039529
97.1	1.039529
97.2	1.039529
97.3	1.039529
97.4	1.039529
97.5	1.039529
97.6	1.039529
97.7	1.039529
97.8	1.039529
97.9	1.039529
98.	1.039529
98.1	1.039529
98.2	1.039529
98.3	1.039529
98.4	1.039529
98.5	1.039529
98.6	1.039529
98.7	1.039529
98.8	1.039529
98.9	1.039529
99.	1.039529
99.1	1.039529
99.2	1.039529
99.3	1.039529
99.4	1.039529
99.5	1.039529
99.6	1.039529
99.7	1.039529
99.8	1.039529
99.9	1.039529
100.	1.039529
105.	1.039529
110.	1.039529
115.	1.039529
120.	1.039529
125.	1.039529
130.	1.039529
135.	1.039529
140.	1.039529
145.	1.039529
150.	1.039529
155.	1.039529
160.	1.039529
165.	1.039529
170.	1.039529
175.	1.039529
180.	1.039529
185.	1.039529
190.	1.039529
195.	1.039529
200.	1.039529
205.	1.039529
210.	1.039529
215.	1.039529
220.	1.039529
225.	1.039529
230.	1.039529
235.	1.039529
240.	1.039529
245.	1.039529
250.	1.039529
255.	1.039529
260.	1.039529
265.	1.039529
270.	1.039529
275.	1.039529
280.	1.039529
285.	1.039529
290.	1.039529
295.	1.039529
300.	1.039529
305.	1.039529
310.	1.039529
315.	1.039529
320.	1.039529
325.	1.039529
330.	1.039529
335.	1.039529
340.	1.039529
345.	1.039529
350.	1.039529
355.	1.039529
360.	1.039529
365.	1.039529
370.	1.039529
375.	1.039529
380.	1.039529
385.	1.039529
390.	1.039529
395.	1.039529
400.	1.039529
405.	1.039529
410.	1.039529
415.	1.039529
420.	1.039529
425.	1.039529
430.	1.039529
435.	1.039529
440.	1.039529
445.	1.039529
450.	1.039529
455.	1.039529
460.	1.039529
465.	1.039529
470.	1.039529
475.	1.039529
480.	1.039529
485.	1.039529
490.	1.039529
495.	1.039529
500.	1.039529
550.	1.039529
600.	1.039529
650.	1.039529
700.	1.039529
750.	1.039529
800.	1.039529
850.	1.039529
900.	1.039529
950.	1.039529
1000.	1.039529
1050.	1.039529
1100.	1.039529
1150.	1.039529
1200.	1.039529
1250.	1.039529
1300.	1.039529
1350.	1.039529
1400.	1.039529
1450.	1.039529
1500.	1.039529
1550.	1.039529
1600.	1.039529
1650.	1.039529
1700.	1.039529
1750.	1.039529
1800.	1.039529
1850.	1.039529
1900.	1.039529
1950.	1.039529
2000.	1.039529
2050.	1.039529
2100.	1.039529
2150.	1.039529
2200.	1.039529
2250.	1.039529
2300.	1.039529
2350.	1.039529
2400.	1.039529
2450.	1.039529
2500.	1.039529
2550.	1.039529
2600.	1.039529
2650.	1.039529
2700.	1.039529
2750.	1.039529
2800.	1.039529
2850.	1.039529
2900.	1.039529
2950.	1.039529
3000.	1.039529
3050.	1.039529
3100.	1.039529
3150.	1.039529
3200.	1.039529
3250.	1.039529
3300.	1.039529
3350.	1.039529
3400.	1.039529
3450.	1.039529
3500.	1.039529
3550.	1.039529
3600.	1.039529
3650.	1.039529
3700.	1.039529
3750.	1.039529
3800.	1.039529
3850.	1.039529
3900.	1.039529
3950.	1.039529
4000.	1.039529
4050.	1.039529
4100.	1.039529
4150.	1.039529
4200.	1.039529
4250.	1.039529
4300.	1.039529
4350.	1.039529
4400.	1.039529
4450.	1.039529
4500.	1.039529
4550.	1.039529
4600.	1.039529
4650.	1.039529
4700.	1.039529
4750.	1.039529
4800.	1.039529
4850.	1.039529
4900.	1.039529
4950.	1.039529
5000.	1.039529
5500.	1.039529
6000.	1.039529
6500.	1.039529
7000.	1.039529
7500.	1.039529
8000.	1.039529
8500.	1.039529
9000.	1.039529
9500.	1.039529
10000.	1.039529
20000.	1.039529
30000.	1.039529
40000.	1.039529
50000.	1.039529
60000.	1.039529
70000.	1.039529
80000.	1.039529
90000.	1.039529
100000.	1.039529