5.3	0.3306362861251909
5.4	0.336049720402483
5.5	0.34135425878345815
5.6	0.3466375985903788
5.7	0.3518025702214756
5.8	0.356809439908392
5.9	0.3615504991473657
6.	0.36593743017587316
6.1	0.36985921307306896
6.2	0.37323964349673316
6.3	0.3760291128563373
6.4	0.37815769756525774
6.5	0.3794903916004982
6.6	0.3800282452757082
6.7	0.37976187534034617
6.8	0.3786593340713713
6.9	0.3765984101915961
7.	0.3736750046308191
7.1	0.3699020202651746
7.2	0.3652738804081694
7.3	0.3597595345008683
7.4	0.3534660589703866
7.5	0.34643758391495205
7.6	0.3387058504793825
7.7	0.33031511050986834
7.8	0.32133984172784663
7.9	0.31183698849426245
8.	0.30187583021977404
8.1	0.2915029801183421
8.2	0.28075960838575703
8.3	0.2696942191800799
8.4	0.2583583737374586
8.5	0.24679672464434887
8.6	0.23505562992653628
8.7	0.2231756255280612
8.8	0.21113606907358332
8.9	0.19909742403805922
9.	0.18714353362158137
9.1	0.17534825234843343
9.2	0.16378625028261862
9.3	0.1525791523793777
9.4	0.14182520071507446
9.5	0.1316959130224422
9.6	0.1222544001504926
9.7	0.11346835772732979
9.8	0.10537498403882563
9.9	0.09812018807594147
10.	0.0916256907221686
10.1	0.08582337318586096
10.2	0.08068580416259423
10.3	0.07623073936903096
10.4	0.07236757088494249
10.5	0.06904534829925915
10.6	0.06621349506262689
10.7	0.06381748301910788
10.8	0.06182181217353612
10.9	0.06018240457952205
11.	0.058844485042473096
11.1	0.05776313326205913
11.2	0.05692182976077136
11.3	0.056287972307671616
11.4	0.05581383640465943
11.5	0.055478900771330567
11.6	0.055270716022667726
11.7	0.05516726585871095
11.8	0.05513111433711558
11.9	0.055159323620320715
12.	0.055241166968484974
12.1	0.05536201601783804
12.2	0.05549754006898115
12.3	0.055650849442231566
12.4	0.05581353822466824
12.5	0.05597484918516022
12.6	0.056123807369715964
12.7	0.05626149121842324
12.8	0.05638306578171051
12.9	0.056481153699631595
13.	0.0565519934171015
13.1	0.05659548547769233
13.2	0.0566089745700765
13.3	0.056587936638568724
13.4	0.056531646634367556
13.5	0.05643933463032172
13.6	0.05630947777445575
13.7	0.0561393452928863
13.8	0.05592908051260022
13.9	0.05567781863752248
14.	0.05538457325621826
14.1	0.055048257624615744
14.2	0.05466822182434275
14.3	0.05424362105047399
14.4	0.053773666290356015
14.5	0.05325752245360332
14.6	0.052694193383901314
14.7	0.05208277210726804
14.8	0.05142270348499684
14.9	0.050712813697493336
15.	0.04995170702540408
15.1	0.04913822436376706
15.2	0.04827173777262804
15.3	0.047350443322428326
15.4	0.046372776452933265
15.5	0.04533731964636058
15.6	0.04424315072706586
15.7	0.04308800387693385
15.8	0.04187017278738826
15.9	0.040588177231443145
16.	0.03924060175963335
16.1	0.037824764883068865
16.2	0.03633859747965819
16.3	0.034780279115764125
16.4	0.0331476507541536
16.5	0.03143815868579179
16.6	0.02964951417324089
16.7	0.027779428479063104
16.8	0.025825612865820448
16.9	0.0237857785960752
17.	0.021657636932389354
17.1	0.019561323862063457
17.2	0.017472694066312848
17.3	0.015402436140743523
17.4	0.01336816724337121
17.5	0.011387504532211353
17.6	0.009478065165279612
17.7	0.007657466300591637
17.8	0.0059433250961628825
17.9	0.0043532587100090555
18.	0.004430353628781095
18.1	0.006644342858900899
18.2	0.009385022012675631
18.3	0.012603740040667711
18.4	0.016251845893439122
18.5	0.020280688521552338
18.6	0.024641616875569445
18.7	0.02928597990605249
18.8	0.03416512656356402
18.9	0.03921017773436464
19.	0.043683678754239105
19.1	0.04829698364994465
19.2	0.05305105529298493
19.3	0.05794685655486413
19.4	0.06298535030708574
19.5	0.06816749942115395
19.6	0.07349426676857243
19.7	0.0789666152208448
19.8	0.08458550764947531
19.9	0.09035190692596738
20.	0.09626677592182525
20.1	0.10233107750855258
20.2	0.10854577455765299
20.3	0.1149118299406307
20.4	0.12143020652898917
20.5	0.12810186719423264
20.6	0.13492777480786475
20.7	0.14190889224138908
20.8	0.14904708738241595
20.9	0.1563349840233778
21.	0.16375202106455417
21.1	0.17129198294626133
21.2	0.17894865410881564
21.3	0.18671581899253425
21.4	0.19458726203773324
21.5	0.20255676768472977
21.6	0.21061812037384017
21.7	0.21876510454538076
21.8	0.22699150463966872
21.9	0.23529110509702006
22.	0.243657690357752
22.1	0.25208504486218086
22.2	0.26056695305062294
22.3	0.26909719936339543
22.4	0.2776695682408144
22.5	0.28627784412319696
22.6	0.29491581145085954
22.7	0.3035645358215061
22.8	0.312188900650331
22.9	0.32082544174332883
23.	0.32946886130794356
23.1	0.338113861551618
23.2	0.34675514468179514
23.3	0.3553874129059188
23.4	0.3640053684314317
23.5	0.3726037134657776
23.6	0.38117715021639953
23.7	0.38972038089074035
23.8	0.39822810769624395
23.9	0.40669503284035297
24.	0.4151158585305113
24.1	0.42348528697416177
24.2	0.4317980203787475
24.3	0.44004876095171214
24.4	0.4482322109004985
24.5	0.4563430724325503
24.6	0.4642867023770516
24.7	0.47197194940099996
24.8	0.47957469043496836
24.9	0.48709410186172
25.	0.4945293600640193
25.1	0.5018796414246299
25.2	0.5091441223263152
25.3	0.5163219791518396
25.4	0.5234123882839665
25.5	0.5304145261054602
25.6	0.5373275689990842
25.7	0.544150693347602
25.8	0.550883075533778
25.9	0.5575238919403757
26.	0.5640723189501592
26.1	0.570527532945892
26.2	0.576888710310338
26.3	0.5831550274262611
26.4	0.589325660676425
26.5	0.5953456853035436
26.6	0.6011999966808278
26.7	0.6069591375505844
26.8	0.6126243590242584
26.9	0.6181969122132939
27.	0.623678048229136
27.1	0.6290690181832288
27.2	0.6343710731870169
27.3	0.6395854643519452
27.4	0.6447134427894577
27.5	0.6497562596109995
27.6	0.6547151659280149
27.7	0.6595914128519482
27.8	0.6643862514942445
27.9	0.6691009329663478
28.	0.6737367083797031
28.1	0.6782948288457548
28.2	0.682776545475947
28.3	0.687183109381725
28.4	0.6915165072906111
28.5	0.6957778663344019
28.6	0.699967790758047
28.7	0.7040875088126787
28.8	0.7081382487494295
28.9	0.7121212388194316
29.	0.7160377072738177
29.1	0.7198888823637198
29.2	0.7236759923402704
29.3	0.727400265454602
29.4	0.7310629299578467
29.5	0.7346652141011373
29.6	0.7382083461356058
29.7	0.7416935543123846
29.8	0.7451220668826064
29.9	0.7484951120974032
30.	0.7518139182079075
30.1	0.7550797134652518
30.2	0.7582937261205682
30.3	0.7614732829837583
30.4	0.7646121554790275
30.5	0.7677022387312485
30.6	0.7707443403948548
30.7	0.7737392681242797
30.8	0.7766878295739571
30.9	0.7795908323983202
31.	0.7824490842518027
31.1	0.7852633927888382
31.2	0.78803456566386
31.3	0.7907634105313017
31.4	0.793450735045597
31.5	0.7960973468611793
31.6	0.7987040536324822
31.7	0.801271663013939
31.8	0.8038009826599836
31.9	0.8062928202250492
32.	0.8087479833635696
32.1	0.8111672797299782
32.2	0.8135645012209944
32.3	0.8159316661892854
32.4	0.8182648761849655
32.5	0.8205646461972295
32.6	0.8228314912152723
32.7	0.8250659262282889
32.8	0.8272684662254739
32.9	0.8294396261960225
33.	0.8315799211291295
33.1	0.8336898660139899
33.2	0.8357699758397984
33.3	0.8378207655957498
33.4	0.8398427502710395
33.5	0.841836444854862
33.6	0.8438023643364122
33.7	0.8457410237048851
33.8	0.8476529379494755
33.9	0.8495386220593785
34.	0.8513985910237888
34.1	0.8532423319099371
34.2	0.8550628314322832
34.3	0.8568588318759119
34.4	0.8586306703806157
34.5	0.8603786840861868
34.6	0.8621032101324174
34.7	0.8638045856591
34.8	0.8654831478060266
34.9	0.86713923371299
35.	0.8687731805197819
35.1	0.8703853253661951
35.2	0.8719760053920216
35.3	0.8735455577370536
35.4	0.8750943195410836
35.5	0.8766226279439041
35.6	0.878130820085307
35.7	0.8796192331050848
35.8	0.8810882041430297
35.9	0.882538070338934
36.	0.8839757970032946
36.1	0.8853953160437181
36.2	0.8867965127437832
36.3	0.888179606973603
36.4	0.8895448186032907
36.5	0.8908923675029599
36.6	0.8922224735427233
36.7	0.8935353565926947
36.8	0.8948312365229867
36.9	0.8961103332037131
37.	0.8973728665049868
37.1	0.8986190562969213
37.2	0.8998491224496296
37.3	0.901063284833225
37.4	0.9022617633178206
37.5	0.9034447777735299
37.6	0.9046125480704661
37.7	0.9057652940787423
37.8	0.9069036149939641
37.9	0.9080340753273253
38.	0.909150475488755
38.1	0.9102529772839362
38.2	0.9113417425185515
38.3	0.9124169329982834
38.4	0.9134787105288149
38.5	0.9145272369158287
38.6	0.9155626739650075
38.7	0.9165851834820338
38.8	0.9175949272725905
38.9	0.9185920671423604
39.	0.919576764897026
39.1	0.9205491823422702
39.2	0.9215094812837757
39.3	0.922457823527225
39.4	0.9233943708783011
39.5	0.9243192851426867
39.6	0.9252327281260643
39.7	0.9261348616341167
39.8	0.9270258474725266
39.9	0.9279058474469769
40.	0.9287750233631501
40.1	0.9296335370267291
40.2	0.9304815502433964
40.3	0.9313192248188349
40.4	0.9321467225587272
40.5	0.9329642052687561
40.6	0.9337718347546043
40.7	0.9345697728219545
40.8	0.9353581812764894
40.9	0.9361372219238918
41.	0.9369070565698443
41.1	0.9376678470200297
41.2	0.9384197550801306
41.3	0.9391629425558299
41.4	0.9398975712528101
41.5	0.9406238029767542
41.6	0.941345657255538
41.7	0.9420703818593341
41.8	0.9427871164435517
41.9	0.9434959605551375
42.	0.9441970137410384
42.1	0.944890375548201
42.2	0.945576145523572
42.3	0.9462544232140984
42.4	0.9469253081667266
42.5	0.9475888999284038
42.6	0.9482452980460765
42.7	0.9488946020666914
42.8	0.9495369115371953
42.9	0.9501723260045352
43.	0.9508009450156576
43.1	0.9514228681175092
43.2	0.952038194857037
43.3	0.9526470247811876
43.4	0.9532494574369078
43.5	0.9538455923711444
43.6	0.9544355291308441
43.7	0.9550193672629537
43.8	0.9555972063144198
43.9	0.9561691458321895
44.	0.9567352853632092
44.1	0.9572957244544258
44.2	0.9578505626527861
44.3	0.9583998995052369
44.4	0.9589438345587248
44.5	0.9594824673601966
44.6	0.9600158974565992
44.7	0.9605442243948792
44.8	0.9610675477219833
44.9	0.9615859669848585
45.	0.9620995817304515
45.1	0.9626084915057089
45.2	0.9631127958575776
45.3	0.9636125943330042
45.4	0.9641143740565501
45.5	0.9646191464675524
45.6	0.9651196271939091
45.7	0.9656158581681609
45.8	0.9661078813228484
45.9	0.9665957385905124
46.	0.9670794719036937
46.1	0.9675591231949329
46.2	0.9680347343967708
46.3	0.9685063474417479
46.4	0.9689740042624052
46.5	0.9694377467912831
46.6	0.9698976169609227
46.7	0.9703536567038644
46.8	0.970805907952649
46.9	0.9712544126398172
47.	0.9716992126979097
47.1	0.9721403500594672
47.2	0.9725778666570306
47.3	0.9730118044231403
47.4	0.9734422052903373
47.5	0.973869111191162
47.6	0.9742925640581556
47.7	0.9747126058238582
47.8	0.975129278420811
47.9	0.9755426237815544
48.	0.9759526838386293
48.1	0.9763595005245763
48.2	0.9767631157719363
48.3	0.9771635715132497
48.4	0.9775609096810575
48.5	0.9779551722079003
48.6	0.9783464010263188
48.7	0.9787346380688536
48.8	0.9791199252680456
48.9	0.9795023045564354
49.	0.9798818178665638
49.1	0.9802585071309714
49.2	0.9806354376737579
49.3	0.9810110964653626
49.4	0.9813840253799109
49.5	0.9817542474245329
49.6	0.9821217856063583
49.7	0.9824866629325174
49.8	0.9828489024101398
49.9	0.9832085270463554
50.	0.9835655598482944
50.1	0.9839200238230864
50.2	0.9842719419778616
50.3	0.9846213373197497
50.4	0.9849682328558805
50.5	0.9853126515933843
50.6	0.9856546165393908
50.7	0.9859941507010299
50.8	0.9863312770854314
50.9	0.9866660186997256
51.	0.9869983985510421
51.1	0.9873284396465108
51.2	0.9876561649932617
51.3	0.9879815975984249
51.4	0.98830476046913
51.5	0.988625676612507
51.6	0.9889443690356859
51.7	0.9892608607457966
51.8	0.9895751747499689
51.9	0.989887334055333
52.	0.9901973616690185
52.1	0.9905052805981555
52.2	0.9908111138498737
52.3	0.9911148844313034
52.4	0.9914166153495741
52.5	0.9917163296118161
52.6	0.992014050225159
52.7	0.9923098001967328
52.8	0.9926036025336674
52.9	0.9928954802430929
53.	0.9931854563321391
53.1	0.9934735538079358
53.2	0.993759795677613
53.3	0.9940442049483006
53.4	0.9943268046271286
53.5	0.9946076177212269
53.6	0.9948866672377252
53.7	0.9951639761837537
53.8	0.9954395675664423
53.9	0.9957134643929206
54.	0.9959856896703189
54.1	0.9962562664057669
54.2	0.9965252176063946
54.3	0.9967925662793318
54.4	0.9970583354317085
54.5	0.9973225480706547
54.6	0.9975852272033001
54.7	0.9978463958367748
54.8	0.9981060769782086
54.9	0.9983642936347316
55.	0.9986210688134735
55.1	0.9988764255215642
55.2	0.9991303867661339
55.3	0.9993829755543121
55.4	0.9996342148932291
55.5	0.9998841277900147
55.6	1.0001327372517987
55.7	1.0003800662857112
55.8	1.0006261378988819
55.9	1.0008709750984408
56.	1.0011146008915177
56.1	1.001357038285243
56.2	1.001598310286746
56.3	1.001838439903157
56.4	1.0020774501416057
56.5	1.0023153640092222
56.6	1.0025522045131363
56.7	1.0027873807101453
56.8	1.0030143518001222
56.9	1.003239710718499
57.	1.0034634648376182
57.1	1.0036856215298229
57.2	1.0039061881674558
57.3	1.00412517212286
57.4	1.0043425807683781
57.5	1.004558421476353
57.6	1.0047727016191277
57.7	1.0049854285690447
57.8	1.0051966096984473
57.9	1.0054062523796778
58.	1.0056143639850794
58.1	1.005820951886995
58.2	1.006026023457767
58.3	1.0062295860697388
58.4	1.0064316470952528
58.5	1.006632213906652
58.6	1.0068312938762793
58.7	1.0070288943764774
58.8	1.0072250227795894
58.9	1.0074196864579579
59.	1.0076128927839256
59.1	1.0078046491298358
59.2	1.007994962868031
59.3	1.008183841370854
59.4	1.0083712920106478
59.5	1.0085573221597552
59.6	1.008741939190519
59.7	1.008925150475282
59.8	1.0091069633863874
59.9	1.0092873852961775
60.	1.0094664235769955
60.1	1.0096440856011841
60.2	1.0098203787410862
60.3	1.0099953103690444
60.4	1.010168887857402
60.5	1.0103411185785014
60.6	1.0105120099046858
60.7	1.0106815692082975
60.8	1.01084980386168
60.9	1.011016721237176
61.	1.0111823287071278
61.1	1.0113466336438788
61.2	1.0115096434197715
61.3	1.011671365407149
61.4	1.011831806978354
61.5	1.0119909755057295
61.6	1.012148878361618
61.7	1.0123055229183626
61.8	1.012460916548306
61.9	1.0126150666237914
62.	1.0127679805171612
62.1	1.0129196656007584
62.2	1.0130701292469257
62.3	1.0132193788280064
62.4	1.0133674217163426
62.5	1.013514265284278
62.6	1.0136599169041547
62.7	1.0138043839483157
62.8	1.0139476737891042
62.9	1.0140897937988629
63.	1.0142307513499345
63.1	1.0143705538146617
63.2	1.0145092085653877
63.3	1.014646722974455
63.4	1.0147831044142066
63.5	1.0149183602569856
63.6	1.0150524978751343
63.7	1.015185524640996
63.8	1.0153174479269134
63.9	1.0154482751052292
64.	1.0155780135482861
64.1	1.0157066706284275
64.2	1.0158342537179958
64.3	1.0159607701893338
64.4	1.0160862274147848
64.5	1.016210632766691
64.6	1.0163339936173958
64.7	1.0164563173392418
64.8	1.016577611304572
64.9	1.0166978828857287
65.	1.0168171394550554
65.1	1.0169353883848944
65.2	1.017052637047589
65.3	1.0171688928154818
65.4	1.0172841630609157
65.5	1.0173984551562334
65.6	1.017511776473778
65.7	1.017624134385892
65.8	1.0177355362649187
65.9	1.0178459894832006
66.	1.0179555014130806
66.1	1.0180640794269014
66.2	1.018171730897006
66.3	1.0182784631957373
66.4	1.018384283695438
66.5	1.018489199768451
66.6	1.0185932187871194
66.7	1.0186963481237856
66.8	1.0187985951507925
66.9	1.0188999672404833
67.	1.0190004717652004
67.1	1.0191001160972868
67.2	1.0191989076090855
67.3	1.0192968536729392
67.4	1.0193939616611907
67.5	1.019490238946183
67.6	1.0195856929002587
67.7	1.019680330895761
67.8	1.019774160305032
67.9	1.0198671885004156
68.	1.019959422854254
68.1	1.0200508707388898
68.2	1.0201415395266662
68.3	1.0202314365899263
68.4	1.0203205693010124
68.5	1.0204089450322678
68.6	1.0204965711560348
68.7	1.0205834550446569
68.8	1.0206696040704764
68.9	1.0207550256058362
69.	1.0208397270230793
69.1	1.0209237156945488
69.2	1.021006998992587
69.3	1.0210895842895371
69.4	1.0211714789577417
69.5	1.021252690369544
69.6	1.0213332258972865
69.7	1.021413092913312
69.8	1.0214922987899635
69.9	1.021570850899584
70.	1.021648756614516
70.1	1.0217260233071026
70.2	1.0218026583496864
70.3	1.0218786691146107
70.4	1.0219540629742176
70.5	1.0220288473008505
70.6	1.0221030294668523
70.7	1.0221766168445654
70.8	1.0222496168063329
70.9	1.0223220367244976
71.	1.0223938839714024
71.1	1.02246516591939
71.2	1.0225358899408035
71.3	1.0226060634079854
71.4	1.0226756936932788
71.5	1.0227447881690264
71.6	1.022813354207571
71.7	1.0228813991812555
71.8	1.0229489304624229
71.9	1.0230159554234157
72.	1.023082481436577
72.1	1.0231485158742497
72.2	1.0232140661087765
72.3	1.0232791395125003
72.4	1.0233437434577637
72.5	1.0234078853169097
72.6	1.0234715724622814
72.7	1.0235348122662211
72.8	1.0235976121010721
72.9	1.0236599793391772
73.	1.023721921352879
73.1	1.0237834455145205
73.2	1.0238445591964445
73.3	1.0239052697709938
73.4	1.0239655846105113
73.5	1.0240255110873397
73.6	1.0240850565738222
73.7	1.0241442284423012
73.8	1.0242030340651198
73.9	1.0242614808146207
74.	1.024319576063147
74.1	1.024377327183041
74.2	1.0244347415466462
74.3	1.024491826526305
74.4	1.0245485894943602
74.5	1.024605037823155
74.6	1.0246611788850322
74.7	1.0247170200523341
74.8	1.024772568697404
74.9	1.024827832192585
75.	1.0248828179102194
75.1	1.02493753322265
75.2	1.0249919855022203
75.3	1.0250461821212724
75.4	1.0251001304521494
75.5	1.0251538378671943
75.6	1.02520731173875
75.7	1.0252605594391588
75.8	1.0253135883407642
75.9	1.0253664058159087
76.	1.025419019236935
76.1	1.0254714359761863
76.2	1.0255236634060052
76.3	1.0255757088987347
76.4	1.0256275798267174
76.5	1.0256792835622963
76.6	1.0257308274778143
76.7	1.025782218945614
76.8	1.0258334653380385
76.9	1.0258845740274305
77.	1.0259355523861329
77.1	1.0259864077864886
77.2	1.0260371476008403
77.3	1.0260877792015308
77.4	1.026138309960903
77.5	1.0261887472512998
77.6	1.026239098445064
77.7	1.0262893709145384
77.8	1.026339572032066
77.9	1.0263897091699894
78.	1.0264397897006516
78.1	1.0264898209963955
78.2	1.0265398104295638
78.3	1.0265897653724991
78.4	1.0266396931975448
78.5	1.0266896012770435
78.6	1.0267394969833379
78.7	1.0267893876887708
78.8	1.0268392807656852
78.9	1.026889183586424
79.	1.02693910352333
79.1	1.0269890479487458
79.2	1.0270390242350145
79.3	1.027089039754479
79.4	1.0271391018794818
79.5	1.027189217982366
79.6	1.0272393954354744
79.7	1.0272896416111497
79.8	1.027339963881735
79.9	1.027390369619573
80.	1.0274408661970065
80.1	1.0274914609863783
80.2	1.0275421613600313
80.3	1.0275929746903085
80.4	1.0276439083495525
80.5	1.027694969710106
80.6	1.0277461661443124
80.7	1.027797505024514
80.8	1.0278489937230542
80.9	1.0279006396122752
81.	1.02795245006452
81.1	1.0280044324521316
81.2	1.0280565941474529
81.3	1.0281089425228267
81.4	1.0281614849505956
81.5	1.0282142288031029
81.6	1.028267181452691
81.7	1.0283203502717027
81.8	1.028373742632481
81.9	1.028427365907369
82.	1.0284812274687094
82.1	1.0285353346888446
82.2	1.028589694940118
82.3	1.0286443155948723
82.4	1.0286992040254501
82.5	1.0287543676041944
82.6	1.028809813703448
82.7	1.028865549695554
82.8	1.0289215829528549
82.9	1.0289779208476937
83.	1.0290345707524131
83.1	1.029091540039356
83.2	1.0291488360808654
83.3	1.029206466249284
83.4	1.0292644379169544
83.5	1.02932275845622
83.6	1.0293814352394233
83.7	1.029440475638907
83.8	1.0294998870270142
83.9	1.0295596767760875
84.	1.02961985225847
84.1	1.0296804208465045
84.2	1.0297413899125336
84.3	1.0298027668289005
84.4	1.0298645589679476
84.5	1.0299267737020181
84.6	1.0299894184034548
84.7	1.0300525004446002
84.8	1.0301160271977976
84.9	1.0301800060353896
85.	1.030244444329719
85.1	1.0303093494531288
85.2	1.0303747287779617
85.3	1.0304405896765605
85.4	1.0305069395212683
85.5	1.0305737856844275
85.6	1.0306411355383813
85.7	1.0307089964554725
85.8	1.030777375808044
85.9	1.0308462809684384
86.	1.0309157193089986
86.1	1.0309856982020675
86.2	1.031056225019988
86.3	1.0311273071351028
86.4	1.0311989519197549
86.5	1.031271166746287
86.6	1.031343958987042
86.7	1.0314173360143628
86.8	1.031491305200592
86.9	1.0315658739180726
87.	1.0316410495391477
87.1	1.0317168394361595
87.2	1.0317932509814516
87.3	1.0318702915473663
87.4	1.0319479685062465
87.5	1.0320262892304353
87.6	1.0321052610922752
87.7	1.0321848914641094
87.8	1.0322651877182805
87.9	1.0323461572271313
88.	1.0324278073630047
88.1	1.0325101454982437
88.2	1.032593179005191
88.3	1.0326769152561894
88.4	1.0327613616235818
88.5	1.032846525479711
88.6	1.0329324141969198
88.7	1.0330190351475512
88.8	1.033106395703948
88.9	1.0331945032384529
89.	1.0332833651234088
89.1	1.0333729887311585
89.2	1.033463381434045
89.3	1.033554550604411
89.4	1.0336465036145994
89.5	1.033739247836953
89.6	1.0338327906438145
89.7	1.0339271394075271
89.8	1.0340223015004333
89.9	1.0341182842948762
90.	1.0342150951631983
90.1	1.0343127414777429
90.2	1.0344112306108524
90.3	1.0345105699348698
90.4	1.034610766822138
90.5	1.0347118286449999
90.6	1.034813762775798
90.7	1.0349165765868757
90.8	1.0350202774505752
90.9	1.03512487273924
91.	1.0352303698252123
91.1	1.0353367760808354
91.2	1.035444098878452
91.3	1.0355523455904048
91.4	1.0356615235890365
91.5	1.0357716402466906
91.6	1.0358827029357094
91.7	1.0359947190284358
91.8	1.0361076958972126
91.9	1.036221640914383
92.	1.0363365614522893
92.1	1.036452464883275
92.2	1.0365693585796822
92.3	1.0366872499138542
92.4	1.0368061462581337
92.5	1.0369260549848636
92.6	1.0370469834663867
92.7	1.037168939075046
92.8	1.037291929183184
92.9	1.0374159611631437
93.	1.0375410423872682
93.1	1.0376671802278998
93.2	1.037794382057382
93.3	1.037922655248057
93.4	1.038052007172268
93.5	1.0381824452023578
93.6	1.0383139767106693
93.7	1.038446609069545
93.8	1.0385803496513282
93.9	1.0387152058283613
94.	1.0388511849729876
94.1	1.0389882944575495
94.2	1.03912654165439
94.3	1.039265933935852
94.4	1.0394064786742785
94.5	1.039407
94.6	1.039407
94.7	1.039407
94.8	1.039407
94.9	1.039407
95.	1.039407
95.1	1.039407
95.2	1.039407
95.3	1.039407
95.4	1.039407
95.5	1.039407
95.6	1.039407
95.7	1.039407
95.8	1.039407
95.9	1.039407
96.	1.039407
96.1	1.039407
96.2	1.039407
96.3	1.039407
96.4	1.039407
96.5	1.039407
96.6	1.039407
96.7	1.039407
96.8	1.039407
96.9	1.039407
97.	1.039407
97.1	1.039407
97.2	1.039407
97.3	1.039407
97.4	1.039407
97.5	1.039407
97.6	1.039407
97.7	1.039407
97.8	1.039407
97.9	1.039407
98.	1.039407
98.1	1.039407
98.2	1.039407
98.3	1.039407
98.4	1.039407
98.5	1.039407
98.6	1.039407
98.7	1.039407
98.8	1.039407
98.9	1.039407
99.	1.039407
99.1	1.039407
99.2	1.039407
99.3	1.039407
99.4	1.039407
99.5	1.039407
99.6	1.039407
99.7	1.039407
99.8	1.039407
99.9	1.039407
100.	1.039407
105.	1.039407
110.	1.039407
115.	1.039407
120.	1.039407
125.	1.039407
130.	1.039407
135.	1.039407
140.	1.039407
145.	1.039407
150.	1.039407
155.	1.039407
160.	1.039407
165.	1.039407
170.	1.039407
175.	1.039407
180.	1.039407
185.	1.039407
190.	1.039407
195.	1.039407
200.	1.039407
205.	1.039407
210.	1.039407
215.	1.039407
220.	1.039407
225.	1.039407
230.	1.039407
235.	1.039407
240.	1.039407
245.	1.039407
250.	1.039407
255.	1.039407
260.	1.039407
265.	1.039407
270.	1.039407
275.	1.039407
280.	1.039407
285.	1.039407
290.	1.039407
295.	1.039407
300.	1.039407
305.	1.039407
310.	1.039407
315.	1.039407
320.	1.039407
325.	1.039407
330.	1.039407
335.	1.039407
340.	1.039407
345.	1.039407
350.	1.039407
355.	1.039407
360.	1.039407
365.	1.039407
370.	1.039407
375.	1.039407
380.	1.039407
385.	1.039407
390.	1.039407
395.	1.039407
400.	1.039407
405.	1.039407
410.	1.039407
415.	1.039407
420.	1.039407
425.	1.039407
430.	1.039407
435.	1.039407
440.	1.039407
445.	1.039407
450.	1.039407
455.	1.039407
460.	1.039407
465.	1.039407
470.	1.039407
475.	1.039407
480.	1.039407
485.	1.039407
490.	1.039407
495.	1.039407
500.	1.039407
550.	1.039407
600.	1.039407
650.	1.039407
700.	1.039407
750.	1.039407
800.	1.039407
850.	1.039407
900.	1.039407
950.	1.039407
1000.	1.039407
1050.	1.039407
1100.	1.039407
1150.	1.039407
1200.	1.039407
1250.	1.039407
1300.	1.039407
1350.	1.039407
1400.	1.039407
1450.	1.039407
1500.	1.039407
1550.	1.039407
1600.	1.039407
1650.	1.039407
1700.	1.039407
1750.	1.039407
1800.	1.039407
1850.	1.039407
1900.	1.039407
1950.	1.039407
2000.	1.039407
2050.	1.039407
2100.	1.039407
2150.	1.039407
2200.	1.039407
2250.	1.039407
2300.	1.039407
2350.	1.039407
2400.	1.039407
2450.	1.039407
2500.	1.039407
2550.	1.039407
2600.	1.039407
2650.	1.039407
2700.	1.039407
2750.	1.039407
2800.	1.039407
2850.	1.039407
2900.	1.039407
2950.	1.039407
3000.	1.039407
3050.	1.039407
3100.	1.039407
3150.	1.039407
3200.	1.039407
3250.	1.039407
3300.	1.039407
3350.	1.039407
3400.	1.039407
3450.	1.039407
3500.	1.039407
3550.	1.039407
3600.	1.039407
3650.	1.039407
3700.	1.039407
3750.	1.039407
3800.	1.039407
3850.	1.039407
3900.	1.039407
3950.	1.039407
4000.	1.039407
4050.	1.039407
4100.	1.039407
4150.	1.039407
4200.	1.039407
4250.	1.039407
4300.	1.039407
4350.	1.039407
4400.	1.039407
4450.	1.039407
4500.	1.039407
4550.	1.039407
4600.	1.039407
4650.	1.039407
4700.	1.039407
4750.	1.039407
4800.	1.039407
4850.	1.039407
4900.	1.039407
4950.	1.039407
5000.	1.039407
5500.	1.039407
6000.	1.039407
6500.	1.039407
7000.	1.039407
7500.	1.039407
8000.	1.039407
8500.	1.039407
9000.	1.039407
9500.	1.039407
10000.	1.039407
20000.	1.039407
30000.	1.039407
40000.	1.039407
50000.	1.039407
60000.	1.039407
70000.	1.039407
80000.	1.039407
90000.	1.039407
100000.	1.039407