5.3	0.000827315736504192
5.4	0.0008128438913377525
5.5	0.0007979594957390007
5.6	0.0007828361301114117
5.7	0.0007676473748584602
5.8	0.0007525668103836215
5.9	0.0007378543640112504
6.	0.0007236791440433462
6.1	0.0007100083942276693
6.2	0.0006969279527520841
6.3	0.0006845570204545637
6.4	0.0006729023807021167
6.5	0.0006619774769860413
6.6	0.0006517840566689576
6.7	0.0006423239939170396
6.8	0.000633584359806224
6.9	0.0006255564568697296
7.	0.000618219778914954
7.1	0.0006115570848066245
7.2	0.0006055466910978842
7.3	0.0006001680472906751
7.4	0.0005953969028748502
7.5	0.0005912101172464598
7.6	0.0005875851288280647
7.7	0.0005844993758589412
7.8	0.0005819302030737419
7.9	0.0005798560859487369
8.	0.0005782563248820412
8.1	0.0005771106689246565
8.2	0.0005763985636271105
8.3	0.0005761016511100799
8.4	0.000576201233065342
8.5	0.0005766809502624685
8.6	0.0005775233890093405
8.7	0.0005787148408369288
8.8	0.0005802406816136205
8.9	0.0005820872205673003
9.	0.0005842404909834222
9.1	0.0005866887053004293
9.2	0.000589419801786621
9.3	0.0005924232284811963
9.4	0.0005956883263477626
9.5	0.0005992050915985432
9.6	0.000602963400621029
9.7	0.0006069532332291251
9.8	0.0006111644964178356
9.9	0.0006155873021225506
10.	0.000620210977741322
10.1	0.0006250250680681106
10.2	0.0006300178938401015
10.3	0.0006351784290607566
10.4	0.0006404932626176795
10.5	0.0006459498220682375
10.6	0.0006515334530383353
10.7	0.0006572301107669007
10.8	0.000663022205000483
10.9	0.0006688929413984175
11.	0.0006748251167452124
11.1	0.0006808008225390227
11.2	0.0006868003172449524
11.3	0.0006928044369292382
11.4	0.0006987941576813596
11.5	0.0007047505260302889
11.6	0.0007106544613024376
11.7	0.0007164869232735512
11.8	0.0007222288717193751
11.9	0.000727854816084392
12.	0.0007333643741731626
12.1	0.0007387471523319921
12.2	0.000743991502289217
12.3	0.0007490808613524051
12.4	0.0007539861737662141
12.5	0.0007587273186546732
12.6	0.0007633005304373176
12.7	0.0007677020435336823
12.8	0.0007719178516003754
12.9	0.0007759444226941776
13.	0.000779797038520535
13.1	0.0007834781961847418
13.2	0.0007869903927920919
13.3	0.0007903282246131023
13.4	0.0007935011168604838
13.5	0.0007965177370853077
13.6	0.0007993836057622005
13.7	0.0008021042433657883
13.8	0.0008046829645376874
13.9	0.0008071281041787831
14.	0.0008094458183829215
14.1	0.0008116422513320835
14.2	0.0008137243065773752
14.3	0.0008156991692695679
14.4	0.0008175702214271366
14.5	0.000819342850217411
14.6	0.0008210224428077213
14.7	0.0008226164252460697
14.8	0.000824129291118526
14.9	0.000825563709737692
15.	0.0008269240512492619
15.1	0.0008282146857989301
15.2	0.000829443180769831
15.3	0.0008306105360646038
15.4	0.0008317193301348498
15.5	0.0008327728547590685
15.6	0.0008337746934914651
15.7	0.0008347303681023149
15.8	0.0008356397661763461
15.9	0.0008365053755365722
16.	0.0008373296840060072
16.1	0.0008381160827415171
16.2	0.0008388674111229764
16.3	0.0008395840030884529
16.4	0.0008402676918332993
16.5	0.0008409203105528685
16.6	0.0008415448151681703
16.7	0.0008421422240573168
16.8	0.0008427132808677152
16.9	0.000843259344779604
17.	0.0008437817749732224
17.1	0.0008442830846570431
17.2	0.000844763254138697
17.3	0.000845223195974338
17.4	0.000845663920467981
17.5	0.0008460866066472994
17.6	0.00084649270597546
17.7	0.0008468823466304797
17.8	0.0008472563121124492
17.9	0.0008476153859214589
18.	0.0008479605355037128
18.1	0.0008482925124869838
18.2	0.0008486117933958227
18.3	0.0008489190567855467
18.4	0.0008492149812114727
18.5	0.0008494987299081826
18.6	0.0008497724026159787
18.7	0.0008500377459499447
18.8	0.0008502959944482034
18.9	0.0008505488902173247
19.	0.000850816736283522
19.1	0.0008510825500714619
19.2	0.000851345083444481
19.3	0.000851603088265916
19.4	0.0008518553163991035
19.5	0.0008521005197073802
19.6	0.0008523374500540826
19.7	0.0008525648593025475
19.8	0.0008527814993161115
19.9	0.0008529688470945942
20.	0.000853131499835034
20.1	0.0008532828178029171
20.2	0.0008534235663721032
20.3	0.0008535545109164521
20.4	0.0008536764168098238
20.5	0.0008537900494260778
20.6	0.0008538961741390741
20.7	0.0008539955563226724
20.8	0.0008540898331165815
20.9	0.0008541846180895314
21.	0.0008542744477766447
21.1	0.0008543596372735207
21.2	0.0008544405016757589
21.3	0.0008545173560789587
21.4	0.0008545905155787195
21.5	0.0008546602952706408
21.6	0.0008547270102503216
21.7	0.0008547909756133618
21.8	0.000854854892940506
21.9	0.0008549176494433354
22.	0.0008549782038167213
22.1	0.0008550366345835979
22.2	0.0008550930202668998
22.3	0.0008551474393895616
22.4	0.0008551999704745178
22.5	0.0008552506920447027
22.6	0.0008552996826230509
22.7	0.0008553471192476361
22.8	0.0008553932978703416
22.9	0.0008554379459974863
23.	0.0008554811137043936
23.1	0.0008555228510663876
23.2	0.0008555632081587918
23.3	0.0008556022350569301
23.4	0.0008556399818361263
23.5	0.0008556764985717044
23.6	0.0008557118353389879
23.7	0.0008557462103921525
23.8	0.0008557795408093841
23.9	0.0008558118155909555
24.	0.0008558430703000325
24.1	0.0008558733404997814
24.2	0.0008559026617533683
24.3	0.0008559310696239593
24.4	0.0008559585996747205
24.5	0.000855985287468818
24.6	0.0008560112113459682
24.7	0.0008560364455802741
24.8	0.0008560609327922503
24.9	0.0008560846999684079
25.	0.0008561077740952579
25.1	0.0008561301821593114
25.2	0.0008561519511470794
25.3	0.0008561731080450728
25.4	0.0008561936798398027
25.5	0.0008562136935177802
25.6	0.0008562335166691076
25.7	0.0008562528563569713
25.8	0.0008562716697564028
25.9	0.000856289957817117
26.	0.0008563077214888285
26.1	0.0008563249617212522
26.2	0.0008563416794641029
26.3	0.0008563578756670953
26.4	0.0008563735512799444
26.5	0.0008563885136645765
26.6	0.0008564027227112749
26.7	0.0008564164567991569
26.8	0.0008564297466216293
26.9	0.0008564426228720993
27.	0.0008564551162439733
27.1	0.0008564672574306585
27.2	0.0008564790771255614
27.3	0.0008564906060220892
27.4	0.0008565018748136486
27.5	0.0008565133873079812
27.6	0.0008565246738978636
27.7	0.0008565357278308965
27.8	0.0008565465473176626
27.9	0.0008565571305687444
28.	0.0008565674757947246
28.1	0.0008565775812061859
28.2	0.0008565874450137108
28.3	0.000856597065427882
28.4	0.0008566061877305091
28.5	0.0008566148196184834
28.6	0.0008566231781445561
28.7	0.0008566312768138002
28.8	0.0008566391291312892
28.9	0.000856646748602096
29.	0.000856654148731294
29.1	0.0008566613430239565
29.2	0.0008566683449851564
29.3	0.0008566751681199674
29.4	0.0008566818259334624
29.5	0.0008566883319307149
29.6	0.0008566946996167978
29.7	0.0008567009424967846
29.8	0.0008567070740757483
29.9	0.0008567131078587623
30.	0.0008567190573508998
30.1	0.000856724936057234
30.2	0.0008567307574828382
30.3	0.0008567375992252221
30.4	0.0008567449819035276
30.5	0.0008567523021161092
30.6	0.0008567595455671812
30.7	0.0008567666979609575
30.8	0.000856773745001652
30.9	0.0008567806723934788
31.	0.000856787465840652
31.1	0.0008567941110473854
31.2	0.0008568005937178931
31.3	0.0008568068995563892
31.4	0.0008568130142670875
31.5	0.0008568189235542022
31.6	0.0008568246131219472
31.7	0.0008568300686745365
31.8	0.0008568352759161841
31.9	0.0008568402205511041
32.	0.0008568448882835104
32.1	0.0008568492648176171
32.2	0.0008568517036621929
32.3	0.0008568532953882584
32.4	0.0008568546172849555
32.5	0.0008568556918462356
32.6	0.0008568565415660509
32.7	0.0008568571889383531
32.8	0.0008568576564570939
32.9	0.0008568579666162253
33.	0.000856858141909699
33.1	0.000856858204831467
33.2	0.0008568581778754808
33.3	0.0008568580835356924
33.4	0.0008568579443060537
33.5	0.0008568577826805165
33.6	0.0008568576211530325
33.7	0.0008568574822175536
33.8	0.0008568573883680316
33.9	0.0008568573620984183
34.	0.0008568574259026656
34.1	0.0008568584654666472
34.2	0.0008568597789988246
34.3	0.0008568612184436004
34.4	0.0008568627891842673
34.5	0.0008568644966041181
34.6	0.0008568663460864457
34.7	0.0008568683430145429
34.8	0.0008568704927717025
34.9	0.0008568728007412174
35.	0.0008568752723063804
35.1	0.0008568779128504844
35.2	0.0008568807277568221
35.3	0.0008568837224086865
35.4	0.0008568869021893704
35.5	0.0008568902724821665
35.6	0.0008568938386703678
35.7	0.0008568976061372671
35.8	0.0008569015802661573
35.9	0.000856905766440331
36.	0.0008569101700430813
36.1	0.0008569147964577009
36.2	0.0008569196510674825
36.3	0.0008569247392557193
36.4	0.0008569300664057038
36.5	0.0008569356379007292
36.6	0.0008569414591240879
36.7	0.0008569475354590731
36.8	0.0008569538722889773
36.9	0.0008569604749970937
37.	0.0008569673489667148
37.1	0.0008569744995811338
37.2	0.0008569819322236432
37.3	0.000856989652277536
37.4	0.000856997665126105
37.5	0.0008570059761526431
37.6	0.0008570145907404431
37.7	0.00085702
37.8	0.00085702
37.9	0.00085702
38.	0.00085702
38.1	0.00085702
38.2	0.00085702
38.3	0.00085702
38.4	0.00085702
38.5	0.00085702
38.6	0.00085702
38.7	0.00085702
38.8	0.00085702
38.9	0.00085702
39.	0.00085702
39.1	0.00085702
39.2	0.00085702
39.3	0.00085702
39.4	0.00085702
39.5	0.00085702
39.6	0.00085702
39.7	0.00085702
39.8	0.00085702
39.9	0.00085702
40.	0.00085702
40.1	0.00085702
40.2	0.00085702
40.3	0.00085702
40.4	0.00085702
40.5	0.00085702
40.6	0.00085702
40.7	0.00085702
40.8	0.00085702
40.9	0.00085702
41.	0.00085702
41.1	0.00085702
41.2	0.00085702
41.3	0.00085702
41.4	0.00085702
41.5	0.00085702
41.6	0.00085702
41.7	0.00085702
41.8	0.00085702
41.9	0.00085702
42.	0.00085702
42.1	0.00085702
42.2	0.00085702
42.3	0.00085702
42.4	0.00085702
42.5	0.00085702
42.6	0.00085702
42.7	0.00085702
42.8	0.00085702
42.9	0.00085702
43.	0.00085702
43.1	0.00085702
43.2	0.00085702
43.3	0.00085702
43.4	0.00085702
43.5	0.00085702
43.6	0.00085702
43.7	0.00085702
43.8	0.00085702
43.9	0.00085702
44.	0.00085702
44.1	0.00085702
44.2	0.00085702
44.3	0.00085702
44.4	0.00085702
44.5	0.00085702
44.6	0.00085702
44.7	0.00085702
44.8	0.00085702
44.9	0.00085702
45.	0.00085702
45.1	0.00085702
45.2	0.00085702
45.3	0.00085702
45.4	0.00085702
45.5	0.00085702
45.6	0.00085702
45.7	0.00085702
45.8	0.00085702
45.9	0.00085702
46.	0.00085702
46.1	0.00085702
46.2	0.00085702
46.3	0.00085702
46.4	0.00085702
46.5	0.00085702
46.6	0.00085702
46.7	0.00085702
46.8	0.00085702
46.9	0.00085702
47.	0.00085702
47.1	0.00085702
47.2	0.00085702
47.3	0.00085702
47.4	0.00085702
47.5	0.00085702
47.6	0.00085702
47.7	0.00085702
47.8	0.00085702
47.9	0.00085702
48.	0.00085702
48.1	0.00085702
48.2	0.00085702
48.3	0.00085702
48.4	0.00085702
48.5	0.00085702
48.6	0.00085702
48.7	0.00085702
48.8	0.00085702
48.9	0.00085702
49.	0.00085702
49.1	0.00085702
49.2	0.00085702
49.3	0.00085702
49.4	0.00085702
49.5	0.00085702
49.6	0.00085702
49.7	0.00085702
49.8	0.00085702
49.9	0.00085702
50.	0.00085702
50.1	0.00085702
50.2	0.00085702
50.3	0.00085702
50.4	0.00085702
50.5	0.00085702
50.6	0.00085702
50.7	0.00085702
50.8	0.00085702
50.9	0.00085702
51.	0.00085702
51.1	0.00085702
51.2	0.00085702
51.3	0.00085702
51.4	0.00085702
51.5	0.00085702
51.6	0.00085702
51.7	0.00085702
51.8	0.00085702
51.9	0.00085702
52.	0.00085702
52.1	0.00085702
52.2	0.00085702
52.3	0.00085702
52.4	0.00085702
52.5	0.00085702
52.6	0.00085702
52.7	0.00085702
52.8	0.00085702
52.9	0.00085702
53.	0.00085702
53.1	0.00085702
53.2	0.00085702
53.3	0.00085702
53.4	0.00085702
53.5	0.00085702
53.6	0.00085702
53.7	0.00085702
53.8	0.00085702
53.9	0.00085702
54.	0.00085702
54.1	0.00085702
54.2	0.00085702
54.3	0.00085702
54.4	0.00085702
54.5	0.00085702
54.6	0.00085702
54.7	0.00085702
54.8	0.00085702
54.9	0.00085702
55.	0.00085702
55.1	0.00085702
55.2	0.00085702
55.3	0.00085702
55.4	0.00085702
55.5	0.00085702
55.6	0.00085702
55.7	0.00085702
55.8	0.00085702
55.9	0.00085702
56.	0.00085702
56.1	0.00085702
56.2	0.00085702
56.3	0.00085702
56.4	0.00085702
56.5	0.00085702
56.6	0.00085702
56.7	0.00085702
56.8	0.00085702
56.9	0.00085702
57.	0.00085702
57.1	0.00085702
57.2	0.00085702
57.3	0.00085702
57.4	0.00085702
57.5	0.00085702
57.6	0.00085702
57.7	0.00085702
57.8	0.00085702
57.9	0.00085702
58.	0.00085702
58.1	0.00085702
58.2	0.00085702
58.3	0.00085702
58.4	0.00085702
58.5	0.00085702
58.6	0.00085702
58.7	0.00085702
58.8	0.00085702
58.9	0.00085702
59.	0.00085702
59.1	0.00085702
59.2	0.00085702
59.3	0.00085702
59.4	0.00085702
59.5	0.00085702
59.6	0.00085702
59.7	0.00085702
59.8	0.00085702
59.9	0.00085702
60.	0.00085702
60.1	0.00085702
60.2	0.00085702
60.3	0.00085702
60.4	0.00085702
60.5	0.00085702
60.6	0.00085702
60.7	0.00085702
60.8	0.00085702
60.9	0.00085702
61.	0.00085702
61.1	0.00085702
61.2	0.00085702
61.3	0.00085702
61.4	0.00085702
61.5	0.00085702
61.6	0.00085702
61.7	0.00085702
61.8	0.00085702
61.9	0.00085702
62.	0.00085702
62.1	0.00085702
62.2	0.00085702
62.3	0.00085702
62.4	0.00085702
62.5	0.00085702
62.6	0.00085702
62.7	0.00085702
62.8	0.00085702
62.9	0.00085702
63.	0.00085702
63.1	0.00085702
63.2	0.00085702
63.3	0.00085702
63.4	0.00085702
63.5	0.00085702
63.6	0.00085702
63.7	0.00085702
63.8	0.00085702
63.9	0.00085702
64.	0.00085702
64.1	0.00085702
64.2	0.00085702
64.3	0.00085702
64.4	0.00085702
64.5	0.00085702
64.6	0.00085702
64.7	0.00085702
64.8	0.00085702
64.9	0.00085702
65.	0.00085702
65.1	0.00085702
65.2	0.00085702
65.3	0.00085702
65.4	0.00085702
65.5	0.00085702
65.6	0.00085702
65.7	0.00085702
65.8	0.00085702
65.9	0.00085702
66.	0.00085702
66.1	0.00085702
66.2	0.00085702
66.3	0.00085702
66.4	0.00085702
66.5	0.00085702
66.6	0.00085702
66.7	0.00085702
66.8	0.00085702
66.9	0.00085702
67.	0.00085702
67.1	0.00085702
67.2	0.00085702
67.3	0.00085702
67.4	0.00085702
67.5	0.00085702
67.6	0.00085702
67.7	0.00085702
67.8	0.00085702
67.9	0.00085702
68.	0.00085702
68.1	0.00085702
68.2	0.00085702
68.3	0.00085702
68.4	0.00085702
68.5	0.00085702
68.6	0.00085702
68.7	0.00085702
68.8	0.00085702
68.9	0.00085702
69.	0.00085702
69.1	0.00085702
69.2	0.00085702
69.3	0.00085702
69.4	0.00085702
69.5	0.00085702
69.6	0.00085702
69.7	0.00085702
69.8	0.00085702
69.9	0.00085702
70.	0.00085702
70.1	0.00085702
70.2	0.00085702
70.3	0.00085702
70.4	0.00085702
70.5	0.00085702
70.6	0.00085702
70.7	0.00085702
70.8	0.00085702
70.9	0.00085702
71.	0.00085702
71.1	0.00085702
71.2	0.00085702
71.3	0.00085702
71.4	0.00085702
71.5	0.00085702
71.6	0.00085702
71.7	0.00085702
71.8	0.00085702
71.9	0.00085702
72.	0.00085702
72.1	0.00085702
72.2	0.00085702
72.3	0.00085702
72.4	0.00085702
72.5	0.00085702
72.6	0.00085702
72.7	0.00085702
72.8	0.00085702
72.9	0.00085702
73.	0.00085702
73.1	0.00085702
73.2	0.00085702
73.3	0.00085702
73.4	0.00085702
73.5	0.00085702
73.6	0.00085702
73.7	0.00085702
73.8	0.00085702
73.9	0.00085702
74.	0.00085702
74.1	0.00085702
74.2	0.00085702
74.3	0.00085702
74.4	0.00085702
74.5	0.00085702
74.6	0.00085702
74.7	0.00085702
74.8	0.00085702
74.9	0.00085702
75.	0.00085702
75.1	0.00085702
75.2	0.00085702
75.3	0.00085702
75.4	0.00085702
75.5	0.00085702
75.6	0.00085702
75.7	0.00085702
75.8	0.00085702
75.9	0.00085702
76.	0.00085702
76.1	0.00085702
76.2	0.00085702
76.3	0.00085702
76.4	0.00085702
76.5	0.00085702
76.6	0.00085702
76.7	0.00085702
76.8	0.00085702
76.9	0.00085702
77.	0.00085702
77.1	0.00085702
77.2	0.00085702
77.3	0.00085702
77.4	0.00085702
77.5	0.00085702
77.6	0.00085702
77.7	0.00085702
77.8	0.00085702
77.9	0.00085702
78.	0.00085702
78.1	0.00085702
78.2	0.00085702
78.3	0.00085702
78.4	0.00085702
78.5	0.00085702
78.6	0.00085702
78.7	0.00085702
78.8	0.00085702
78.9	0.00085702
79.	0.00085702
79.1	0.00085702
79.2	0.00085702
79.3	0.00085702
79.4	0.00085702
79.5	0.00085702
79.6	0.00085702
79.7	0.00085702
79.8	0.00085702
79.9	0.00085702
80.	0.00085702
80.1	0.00085702
80.2	0.00085702
80.3	0.00085702
80.4	0.00085702
80.5	0.00085702
80.6	0.00085702
80.7	0.00085702
80.8	0.00085702
80.9	0.00085702
81.	0.00085702
81.1	0.00085702
81.2	0.00085702
81.3	0.00085702
81.4	0.00085702
81.5	0.00085702
81.6	0.00085702
81.7	0.00085702
81.8	0.00085702
81.9	0.00085702
82.	0.00085702
82.1	0.00085702
82.2	0.00085702
82.3	0.00085702
82.4	0.00085702
82.5	0.00085702
82.6	0.00085702
82.7	0.00085702
82.8	0.00085702
82.9	0.00085702
83.	0.00085702
83.1	0.00085702
83.2	0.00085702
83.3	0.00085702
83.4	0.00085702
83.5	0.00085702
83.6	0.00085702
83.7	0.00085702
83.8	0.00085702
83.9	0.00085702
84.	0.00085702
84.1	0.00085702
84.2	0.00085702
84.3	0.00085702
84.4	0.00085702
84.5	0.00085702
84.6	0.00085702
84.7	0.00085702
84.8	0.00085702
84.9	0.00085702
85.	0.00085702
85.1	0.00085702
85.2	0.00085702
85.3	0.00085702
85.4	0.00085702
85.5	0.00085702
85.6	0.00085702
85.7	0.00085702
85.8	0.00085702
85.9	0.00085702
86.	0.00085702
86.1	0.00085702
86.2	0.00085702
86.3	0.00085702
86.4	0.00085702
86.5	0.00085702
86.6	0.00085702
86.7	0.00085702
86.8	0.00085702
86.9	0.00085702
87.	0.00085702
87.1	0.00085702
87.2	0.00085702
87.3	0.00085702
87.4	0.00085702
87.5	0.00085702
87.6	0.00085702
87.7	0.00085702
87.8	0.00085702
87.9	0.00085702
88.	0.00085702
88.1	0.00085702
88.2	0.00085702
88.3	0.00085702
88.4	0.00085702
88.5	0.00085702
88.6	0.00085702
88.7	0.00085702
88.8	0.00085702
88.9	0.00085702
89.	0.00085702
89.1	0.00085702
89.2	0.00085702
89.3	0.00085702
89.4	0.00085702
89.5	0.00085702
89.6	0.00085702
89.7	0.00085702
89.8	0.00085702
89.9	0.00085702
90.	0.00085702
90.1	0.00085702
90.2	0.00085702
90.3	0.00085702
90.4	0.00085702
90.5	0.00085702
90.6	0.00085702
90.7	0.00085702
90.8	0.00085702
90.9	0.00085702
91.	0.00085702
91.1	0.00085702
91.2	0.00085702
91.3	0.00085702
91.4	0.00085702
91.5	0.00085702
91.6	0.00085702
91.7	0.00085702
91.8	0.00085702
91.9	0.00085702
92.	0.00085702
92.1	0.00085702
92.2	0.00085702
92.3	0.00085702
92.4	0.00085702
92.5	0.00085702
92.6	0.00085702
92.7	0.00085702
92.8	0.00085702
92.9	0.00085702
93.	0.00085702
93.1	0.00085702
93.2	0.00085702
93.3	0.00085702
93.4	0.00085702
93.5	0.00085702
93.6	0.00085702
93.7	0.00085702
93.8	0.00085702
93.9	0.00085702
94.	0.00085702
94.1	0.00085702
94.2	0.00085702
94.3	0.00085702
94.4	0.00085702
94.5	0.00085702
94.6	0.00085702
94.7	0.00085702
94.8	0.00085702
94.9	0.00085702
95.	0.00085702
95.1	0.00085702
95.2	0.00085702
95.3	0.00085702
95.4	0.00085702
95.5	0.00085702
95.6	0.00085702
95.7	0.00085702
95.8	0.00085702
95.9	0.00085702
96.	0.00085702
96.1	0.00085702
96.2	0.00085702
96.3	0.00085702
96.4	0.00085702
96.5	0.00085702
96.6	0.00085702
96.7	0.00085702
96.8	0.00085702
96.9	0.00085702
97.	0.00085702
97.1	0.00085702
97.2	0.00085702
97.3	0.00085702
97.4	0.00085702
97.5	0.00085702
97.6	0.00085702
97.7	0.00085702
97.8	0.00085702
97.9	0.00085702
98.	0.00085702
98.1	0.00085702
98.2	0.00085702
98.3	0.00085702
98.4	0.00085702
98.5	0.00085702
98.6	0.00085702
98.7	0.00085702
98.8	0.00085702
98.9	0.00085702
99.	0.00085702
99.1	0.00085702
99.2	0.00085702
99.3	0.00085702
99.4	0.00085702
99.5	0.00085702
99.6	0.00085702
99.7	0.00085702
99.8	0.00085702
99.9	0.00085702
100.	0.00085702
105.	0.00085702
110.	0.00085702
115.	0.00085702
120.	0.00085702
125.	0.00085702
130.	0.00085702
135.	0.00085702
140.	0.00085702
145.	0.00085702
150.	0.00085702
155.	0.00085702
160.	0.00085702
165.	0.00085702
170.	0.00085702
175.	0.00085702
180.	0.00085702
185.	0.00085702
190.	0.00085702
195.	0.00085702
200.	0.00085702
205.	0.00085702
210.	0.00085702
215.	0.00085702
220.	0.00085702
225.	0.00085702
230.	0.00085702
235.	0.00085702
240.	0.00085702
245.	0.00085702
250.	0.00085702
255.	0.00085702
260.	0.00085702
265.	0.00085702
270.	0.00085702
275.	0.00085702
280.	0.00085702
285.	0.00085702
290.	0.00085702
295.	0.00085702
300.	0.00085702
305.	0.00085702
310.	0.00085702
315.	0.00085702
320.	0.00085702
325.	0.00085702
330.	0.00085702
335.	0.00085702
340.	0.00085702
345.	0.00085702
350.	0.00085702
355.	0.00085702
360.	0.00085702
365.	0.00085702
370.	0.00085702
375.	0.00085702
380.	0.00085702
385.	0.00085702
390.	0.00085702
395.	0.00085702
400.	0.00085702
405.	0.00085702
410.	0.00085702
415.	0.00085702
420.	0.00085702
425.	0.00085702
430.	0.00085702
435.	0.00085702
440.	0.00085702
445.	0.00085702
450.	0.00085702
455.	0.00085702
460.	0.00085702
465.	0.00085702
470.	0.00085702
475.	0.00085702
480.	0.00085702
485.	0.00085702
490.	0.00085702
495.	0.00085702
500.	0.00085702
550.	0.00085702
600.	0.00085702
650.	0.00085702
700.	0.00085702
750.	0.00085702
800.	0.00085702
850.	0.00085702
900.	0.00085702
950.	0.00085702
1000.	0.00085702
1050.	0.00085702
1100.	0.00085702
1150.	0.00085702
1200.	0.00085702
1250.	0.00085702
1300.	0.00085702
1350.	0.00085702
1400.	0.00085702
1450.	0.00085702
1500.	0.00085702
1550.	0.00085702
1600.	0.00085702
1650.	0.00085702
1700.	0.00085702
1750.	0.00085702
1800.	0.00085702
1850.	0.00085702
1900.	0.00085702
1950.	0.00085702
2000.	0.00085702
2050.	0.00085702
2100.	0.00085702
2150.	0.00085702
2200.	0.00085702
2250.	0.00085702
2300.	0.00085702
2350.	0.00085702
2400.	0.00085702
2450.	0.00085702
2500.	0.00085702
2550.	0.00085702
2600.	0.00085702
2650.	0.00085702
2700.	0.00085702
2750.	0.00085702
2800.	0.00085702
2850.	0.00085702
2900.	0.00085702
2950.	0.00085702
3000.	0.00085702
3050.	0.00085702
3100.	0.00085702
3150.	0.00085702
3200.	0.00085702
3250.	0.00085702
3300.	0.00085702
3350.	0.00085702
3400.	0.00085702
3450.	0.00085702
3500.	0.00085702
3550.	0.00085702
3600.	0.00085702
3650.	0.00085702
3700.	0.00085702
3750.	0.00085702
3800.	0.00085702
3850.	0.00085702
3900.	0.00085702
3950.	0.00085702
4000.	0.00085702
4050.	0.00085702
4100.	0.00085702
4150.	0.00085702
4200.	0.00085702
4250.	0.00085702
4300.	0.00085702
4350.	0.00085702
4400.	0.00085702
4450.	0.00085702
4500.	0.00085702
4550.	0.00085702
4600.	0.00085702
4650.	0.00085702
4700.	0.00085702
4750.	0.00085702
4800.	0.00085702
4850.	0.00085702
4900.	0.00085702
4950.	0.00085702
5000.	0.00085702
5500.	0.00085702
6000.	0.00085702
6500.	0.00085702
7000.	0.00085702
7500.	0.00085702
8000.	0.00085702
8500.	0.00085702
9000.	0.00085702
9500.	0.00085702
10000.	0.00085702
20000.	0.00085702
30000.	0.00085702
40000.	0.00085702
50000.	0.00085702
60000.	0.00085702
70000.	0.00085702
80000.	0.00085702
90000.	0.00085702
100000.	0.00085702
