5.3	0.0009039005890425619
5.4	0.0008787971239413587
5.5	0.0008544294433631102
5.6	0.0008308189630325355
5.7	0.0008079870986743538
5.8	0.0007859552660132843
5.9	0.0007647562471812091
6.	0.0007444108692110248
6.1	0.0007249133863905679
6.2	0.0007062736643656679
6.3	0.0006885102911831054
6.4	0.0006716124642311737
6.5	0.0006555716826334823
6.6	0.0006403743678133934
6.7	0.000626006995075816
6.8	0.0006124513266447248
6.9	0.0005996901908183765
7.	0.0005877038187100277
7.1	0.0005764731198505577
7.2	0.0005659782911427558
7.3	0.0005561997068170448
7.4	0.00054711850823036
7.5	0.0005387159697041746
7.6	0.0005309747461021237
7.7	0.0005238777969309267
7.8	0.0005174089665162588
7.9	0.0005115531670536864
8.	0.0005062961304486114
8.1	0.0005016247673958012
8.2	0.0004975259739331821
8.3	0.0004939888823380945
8.4	0.0004910027054106822
8.5	0.0004885574419345582
8.6	0.00048664159501365635
8.7	0.0004852497462381668
8.8	0.00048437571817056425
8.9	0.00048401047129235643
9.	0.00048414561612219743
9.1	0.0004847743127974407
9.2	0.00048588965172623535
9.3	0.0004874869175396038
9.4	0.0004895601130796269
9.5	0.0004921018335031483
9.6	0.0004951051970476388
9.7	0.0004985641258960402
9.8	0.0005024701663708873
9.9	0.0005068145225226982
10.	0.0005115863803421951
10.1	0.0005167754345457589
10.2	0.0005223682090991279
10.3	0.0005283530544042769
10.4	0.0005347115792595935
10.5	0.0005414275787172062
10.6	0.0005484799864394458
10.7	0.0005558491794632109
10.8	0.0005635067869634755
10.9	0.000571426271189234
11.	0.0005795795767574381
11.1	0.0005879364691355166
11.2	0.0005964608883667398
11.3	0.0006051186101249957
11.4	0.0006138736739543866
11.5	0.0006226892460290036
11.6	0.0006315300696907692
11.7	0.0006403603867556327
11.8	0.0006491444390395438
11.9	0.000657821398610449
12.	0.0006663861326075889
12.1	0.0006748147453272809
12.2	0.0006830801312459162
12.3	0.000691146178119147
12.4	0.0006989538775091383
12.5	0.0007065339045468033
12.6	0.0007138736004158124
12.7	0.0007209603062998356
12.8	0.0007277598653302519
12.9	0.000734260109156701
13.	0.000740488364220929
13.1	0.0007464451187296251
13.2	0.0007521308608894782
13.3	0.0007575270774385288
13.4	0.0007626509186476135
13.5	0.0007675177126150639
13.6	0.0007721352187358929
13.7	0.0007765111964051135
13.8	0.0007806457175397818
13.9	0.0007845563500017009
14.	0.0007882530683620633
14.1	0.0007917458056784002
14.2	0.0007950452007244523
14.3	0.0007981621539773154
14.4	0.0008011040314905526
14.5	0.0008038800627936062
14.6	0.0008064994774159182
14.7	0.0008089748332272317
14.8	0.0008113139010436079
14.9	0.0008135214736731326
15.	0.00081560512042347
15.1	0.0008175724106022839
15.2	0.0008194362623603581
15.3	0.0008211986067311544
15.4	0.0008228640155938371
15.5	0.0008244382541933261
15.6	0.000825927615434258
15.7	0.0008273418973744503
15.8	0.0008286807089686075
15.9	0.0008299483615540212
16.	0.0008311491664679832
16.1	0.000832289031518257
16.2	0.0008333728893519035
16.3	0.000834401244724953
16.4	0.0008353772520450324
16.5	0.0008363040657197689
16.6	0.0008371868373186448
16.7	0.000838027271810681
16.8	0.0008388265854598618
16.9	0.0008395870894714719
17.	0.0008403110950507965
17.1	0.0008410029514433652
17.2	0.0008416625347339135
17.3	0.0008422913673793821
17.4	0.0008428911444616688
17.5	0.0008434638698045621
17.6	0.0008440120457526291
17.7	0.0008445357532143232
17.8	0.0008450362722504763
17.9	0.0008455148829219202
18.	0.0008459733064082479
18.1	0.0008464127463377038
18.2	0.0008468337466171073
18.3	0.0008472373356406063
18.4	0.0008476245418023485
18.5	0.0008479949729567873
18.6	0.0008483509897900652
18.7	0.0008486946219505589
18.8	0.0008490274190393305
18.9	0.0008493515166874834
19.	0.0008496904806535486
19.1	0.0008500248273640351
19.2	0.0008503532399652151
19.3	0.00085067440160336
19.4	0.0008509869954247417
19.5	0.0008512897045756322
19.6	0.0008515812122023032
19.7	0.0008518602014510264
19.8	0.0008521253554680737
19.9	0.0008523558935425695
20.	0.0008525570848490945
20.1	0.0008527440720476126
20.2	0.0008529178069379882
20.3	0.0008530792413200866
20.4	0.0008532293269937726
20.5	0.000853369015758911
20.6	0.0008534992594153665
20.7	0.0008536210097630044
20.8	0.0008537363159075947
20.9	0.0008538522321510313
21.	0.0008539618699521759
21.1	0.0008540656143382965
21.2	0.0008541638503366607
21.3	0.0008542569629745364
21.4	0.0008543453372791914
21.5	0.0008544293582778934
21.6	0.0008545094109979103
21.7	0.00085458588046651
21.8	0.0008546619254383345
21.9	0.0008547362713615022
22.	0.0008548077267666331
22.1	0.0008548764017209442
22.2	0.0008549424062916528
22.3	0.0008550058505459757
22.4	0.00085506684455113
22.5	0.0008551254983743328
22.6	0.000855181922082801
22.7	0.0008552363638357906
22.8	0.0008552892384781108
22.9	0.000855340164044986
23.	0.000855389210727645
23.1	0.0008554364487173159
23.2	0.0008554819482052275
23.3	0.0008555257793826079
23.4	0.0008555680124406859
23.5	0.0008556087175706897
23.6	0.0008556479649638478
23.7	0.0008556860857500659
23.8	0.0008557229437682467
23.9	0.0008557585144483397
24.	0.0008557928454651679
24.1	0.0008558259844935544
24.2	0.0008558579792083221
24.3	0.0008558888772842939
24.4	0.0008559187263962928
24.5	0.0008559475742191419
24.6	0.0008559755389431717
24.7	0.0008560027320567044
24.8	0.0008560290480221557
24.9	0.0008560545203760605
25.	0.0008560791826549536
25.1	0.00085610306839537
25.2	0.0008561262111338446
25.3	0.0008561486444069124
25.4	0.0008561704017511082
25.5	0.0008561915167029672
25.6	0.0008562123929948994
25.7	0.0008562327164445718
25.8	0.0008562524447116866
25.9	0.0008562715830338562
26.	0.0008562901366486936
26.1	0.0008563081107938109
26.2	0.000856325510706821
26.3	0.0008563423416253365
26.4	0.0008563586087869699
26.5	0.0008563741438061429
26.6	0.0008563889150954719
26.7	0.0008564031767108374
26.8	0.0008564169605660945
26.9	0.0008564302985750976
27.	0.0008564432226517019
27.1	0.000856455764709762
27.2	0.0008564679566631328
27.3	0.000856479830425669
27.4	0.0008564914179112256
27.5	0.0008565032258442137
27.6	0.000856514784044167
27.7	0.0008565260868448829
27.8	0.0008565371335609336
27.9	0.0008565479235068914
28.	0.0008565584559973289
28.1	0.0008565687303468181
28.2	0.0008565787458699317
28.3	0.0008565885018812419
28.4	0.0008565977504440404
28.5	0.0008566065001462694
28.6	0.0008566149642323191
28.7	0.000856623156967937
28.8	0.0008566310926188704
28.9	0.0008566387854508671
29.	0.0008566462497296743
29.1	0.0008566534997210397
29.2	0.0008566605496907109
29.3	0.0008566674139044351
29.4	0.0008566741066279601
29.5	0.0008566806421270333
29.6	0.0008566870346674022
29.7	0.0008566932985148142
29.8	0.0008566994479350169
29.9	0.000856705497193758
30.	0.0008567114605567847
30.1	0.0008567173522898445
30.2	0.0008567231866586852
30.3	0.0008567300785548978
30.4	0.0008567375324360821
30.5	0.0008567449244810542
30.6	0.0008567522402002176
30.7	0.0008567594651039756
30.8	0.0008567665847027318
30.9	0.0008567735845068894
31.	0.0008567804500268522
31.1	0.0008567871667730233
31.2	0.0008567937202558062
31.3	0.0008568000959856043
31.4	0.0008568062794728213
31.5	0.0008568122562278603
31.6	0.0008568180117611248
31.7	0.0008568235315830183
31.8	0.0008568288012039444
31.9	0.0008568338061343061
32.	0.0008568385318845072
32.1	0.000856842963964951
32.2	0.0008568454429787264
32.3	0.0008568470679079703
32.4	0.0008568484204553972
32.5	0.0008568495232076744
32.6	0.0008568503987514691
32.7	0.0008568510696734484
32.8	0.0008568515585602796
32.9	0.0008568518879986298
33.	0.0008568520805751662
33.1	0.000856852158876556
33.2	0.0008568521454894664
33.3	0.0008568520630005646
33.4	0.0008568519339965178
33.5	0.000856851781063993
33.6	0.0008568516267896577
33.7	0.0008568514937601788
33.8	0.0008568514045622238
33.9	0.0008568513817824596
34.	0.0008568514480075536
34.1	0.0008568524896393693
34.2	0.0008568538044561077
34.3	0.00085685524437174
34.4	0.0008568568148499193
34.5	0.0008568585213542991
34.6	0.0008568603693485325
34.7	0.000856862364296273
34.8	0.0008568645116611738
34.9	0.0008568668169068883
35.	0.0008568692854970698
35.1	0.0008568719228953716
35.2	0.0008568747345654471
35.3	0.0008568777259709495
35.4	0.0008568809025755322
35.5	0.0008568842698428485
35.6	0.0008568878332365517
35.7	0.0008568915982202952
35.8	0.0008568955702577321
35.9	0.0008568997548125159
36.	0.0008569041573483
36.1	0.0008569087833287376
36.2	0.000856913638217482
36.3	0.0008569187274781865
36.4	0.0008569240565745045
36.5	0.0008569296309700893
36.6	0.0008569354561285942
36.7	0.0008569415375136725
36.8	0.0008569478805889777
36.9	0.0008569544908181627
37.	0.0008569613736648813
37.1	0.0008569685345927865
37.2	0.0008569759790655318
37.3	0.0008569837125467704
37.4	0.0008569917405001556
37.5	0.0008570000683893409
37.6	0.0008570087016779794
37.7	0.0008570176458297246
37.8	0.00085702
37.9	0.00085702
38.	0.00085702
38.1	0.00085702
38.2	0.00085702
38.3	0.00085702
38.4	0.00085702
38.5	0.00085702
38.6	0.00085702
38.7	0.00085702
38.8	0.00085702
38.9	0.00085702
39.	0.00085702
39.1	0.00085702
39.2	0.00085702
39.3	0.00085702
39.4	0.00085702
39.5	0.00085702
39.6	0.00085702
39.7	0.00085702
39.8	0.00085702
39.9	0.00085702
40.	0.00085702
40.1	0.00085702
40.2	0.00085702
40.3	0.00085702
40.4	0.00085702
40.5	0.00085702
40.6	0.00085702
40.7	0.00085702
40.8	0.00085702
40.9	0.00085702
41.	0.00085702
41.1	0.00085702
41.2	0.00085702
41.3	0.00085702
41.4	0.00085702
41.5	0.00085702
41.6	0.00085702
41.7	0.00085702
41.8	0.00085702
41.9	0.00085702
42.	0.00085702
42.1	0.00085702
42.2	0.00085702
42.3	0.00085702
42.4	0.00085702
42.5	0.00085702
42.6	0.00085702
42.7	0.00085702
42.8	0.00085702
42.9	0.00085702
43.	0.00085702
43.1	0.00085702
43.2	0.00085702
43.3	0.00085702
43.4	0.00085702
43.5	0.00085702
43.6	0.00085702
43.7	0.00085702
43.8	0.00085702
43.9	0.00085702
44.	0.00085702
44.1	0.00085702
44.2	0.00085702
44.3	0.00085702
44.4	0.00085702
44.5	0.00085702
44.6	0.00085702
44.7	0.00085702
44.8	0.00085702
44.9	0.00085702
45.	0.00085702
45.1	0.00085702
45.2	0.00085702
45.3	0.00085702
45.4	0.00085702
45.5	0.00085702
45.6	0.00085702
45.7	0.00085702
45.8	0.00085702
45.9	0.00085702
46.	0.00085702
46.1	0.00085702
46.2	0.00085702
46.3	0.00085702
46.4	0.00085702
46.5	0.00085702
46.6	0.00085702
46.7	0.00085702
46.8	0.00085702
46.9	0.00085702
47.	0.00085702
47.1	0.00085702
47.2	0.00085702
47.3	0.00085702
47.4	0.00085702
47.5	0.00085702
47.6	0.00085702
47.7	0.00085702
47.8	0.00085702
47.9	0.00085702
48.	0.00085702
48.1	0.00085702
48.2	0.00085702
48.3	0.00085702
48.4	0.00085702
48.5	0.00085702
48.6	0.00085702
48.7	0.00085702
48.8	0.00085702
48.9	0.00085702
49.	0.00085702
49.1	0.00085702
49.2	0.00085702
49.3	0.00085702
49.4	0.00085702
49.5	0.00085702
49.6	0.00085702
49.7	0.00085702
49.8	0.00085702
49.9	0.00085702
50.	0.00085702
50.1	0.00085702
50.2	0.00085702
50.3	0.00085702
50.4	0.00085702
50.5	0.00085702
50.6	0.00085702
50.7	0.00085702
50.8	0.00085702
50.9	0.00085702
51.	0.00085702
51.1	0.00085702
51.2	0.00085702
51.3	0.00085702
51.4	0.00085702
51.5	0.00085702
51.6	0.00085702
51.7	0.00085702
51.8	0.00085702
51.9	0.00085702
52.	0.00085702
52.1	0.00085702
52.2	0.00085702
52.3	0.00085702
52.4	0.00085702
52.5	0.00085702
52.6	0.00085702
52.7	0.00085702
52.8	0.00085702
52.9	0.00085702
53.	0.00085702
53.1	0.00085702
53.2	0.00085702
53.3	0.00085702
53.4	0.00085702
53.5	0.00085702
53.6	0.00085702
53.7	0.00085702
53.8	0.00085702
53.9	0.00085702
54.	0.00085702
54.1	0.00085702
54.2	0.00085702
54.3	0.00085702
54.4	0.00085702
54.5	0.00085702
54.6	0.00085702
54.7	0.00085702
54.8	0.00085702
54.9	0.00085702
55.	0.00085702
55.1	0.00085702
55.2	0.00085702
55.3	0.00085702
55.4	0.00085702
55.5	0.00085702
55.6	0.00085702
55.7	0.00085702
55.8	0.00085702
55.9	0.00085702
56.	0.00085702
56.1	0.00085702
56.2	0.00085702
56.3	0.00085702
56.4	0.00085702
56.5	0.00085702
56.6	0.00085702
56.7	0.00085702
56.8	0.00085702
56.9	0.00085702
57.	0.00085702
57.1	0.00085702
57.2	0.00085702
57.3	0.00085702
57.4	0.00085702
57.5	0.00085702
57.6	0.00085702
57.7	0.00085702
57.8	0.00085702
57.9	0.00085702
58.	0.00085702
58.1	0.00085702
58.2	0.00085702
58.3	0.00085702
58.4	0.00085702
58.5	0.00085702
58.6	0.00085702
58.7	0.00085702
58.8	0.00085702
58.9	0.00085702
59.	0.00085702
59.1	0.00085702
59.2	0.00085702
59.3	0.00085702
59.4	0.00085702
59.5	0.00085702
59.6	0.00085702
59.7	0.00085702
59.8	0.00085702
59.9	0.00085702
60.	0.00085702
60.1	0.00085702
60.2	0.00085702
60.3	0.00085702
60.4	0.00085702
60.5	0.00085702
60.6	0.00085702
60.7	0.00085702
60.8	0.00085702
60.9	0.00085702
61.	0.00085702
61.1	0.00085702
61.2	0.00085702
61.3	0.00085702
61.4	0.00085702
61.5	0.00085702
61.6	0.00085702
61.7	0.00085702
61.8	0.00085702
61.9	0.00085702
62.	0.00085702
62.1	0.00085702
62.2	0.00085702
62.3	0.00085702
62.4	0.00085702
62.5	0.00085702
62.6	0.00085702
62.7	0.00085702
62.8	0.00085702
62.9	0.00085702
63.	0.00085702
63.1	0.00085702
63.2	0.00085702
63.3	0.00085702
63.4	0.00085702
63.5	0.00085702
63.6	0.00085702
63.7	0.00085702
63.8	0.00085702
63.9	0.00085702
64.	0.00085702
64.1	0.00085702
64.2	0.00085702
64.3	0.00085702
64.4	0.00085702
64.5	0.00085702
64.6	0.00085702
64.7	0.00085702
64.8	0.00085702
64.9	0.00085702
65.	0.00085702
65.1	0.00085702
65.2	0.00085702
65.3	0.00085702
65.4	0.00085702
65.5	0.00085702
65.6	0.00085702
65.7	0.00085702
65.8	0.00085702
65.9	0.00085702
66.	0.00085702
66.1	0.00085702
66.2	0.00085702
66.3	0.00085702
66.4	0.00085702
66.5	0.00085702
66.6	0.00085702
66.7	0.00085702
66.8	0.00085702
66.9	0.00085702
67.	0.00085702
67.1	0.00085702
67.2	0.00085702
67.3	0.00085702
67.4	0.00085702
67.5	0.00085702
67.6	0.00085702
67.7	0.00085702
67.8	0.00085702
67.9	0.00085702
68.	0.00085702
68.1	0.00085702
68.2	0.00085702
68.3	0.00085702
68.4	0.00085702
68.5	0.00085702
68.6	0.00085702
68.7	0.00085702
68.8	0.00085702
68.9	0.00085702
69.	0.00085702
69.1	0.00085702
69.2	0.00085702
69.3	0.00085702
69.4	0.00085702
69.5	0.00085702
69.6	0.00085702
69.7	0.00085702
69.8	0.00085702
69.9	0.00085702
70.	0.00085702
70.1	0.00085702
70.2	0.00085702
70.3	0.00085702
70.4	0.00085702
70.5	0.00085702
70.6	0.00085702
70.7	0.00085702
70.8	0.00085702
70.9	0.00085702
71.	0.00085702
71.1	0.00085702
71.2	0.00085702
71.3	0.00085702
71.4	0.00085702
71.5	0.00085702
71.6	0.00085702
71.7	0.00085702
71.8	0.00085702
71.9	0.00085702
72.	0.00085702
72.1	0.00085702
72.2	0.00085702
72.3	0.00085702
72.4	0.00085702
72.5	0.00085702
72.6	0.00085702
72.7	0.00085702
72.8	0.00085702
72.9	0.00085702
73.	0.00085702
73.1	0.00085702
73.2	0.00085702
73.3	0.00085702
73.4	0.00085702
73.5	0.00085702
73.6	0.00085702
73.7	0.00085702
73.8	0.00085702
73.9	0.00085702
74.	0.00085702
74.1	0.00085702
74.2	0.00085702
74.3	0.00085702
74.4	0.00085702
74.5	0.00085702
74.6	0.00085702
74.7	0.00085702
74.8	0.00085702
74.9	0.00085702
75.	0.00085702
75.1	0.00085702
75.2	0.00085702
75.3	0.00085702
75.4	0.00085702
75.5	0.00085702
75.6	0.00085702
75.7	0.00085702
75.8	0.00085702
75.9	0.00085702
76.	0.00085702
76.1	0.00085702
76.2	0.00085702
76.3	0.00085702
76.4	0.00085702
76.5	0.00085702
76.6	0.00085702
76.7	0.00085702
76.8	0.00085702
76.9	0.00085702
77.	0.00085702
77.1	0.00085702
77.2	0.00085702
77.3	0.00085702
77.4	0.00085702
77.5	0.00085702
77.6	0.00085702
77.7	0.00085702
77.8	0.00085702
77.9	0.00085702
78.	0.00085702
78.1	0.00085702
78.2	0.00085702
78.3	0.00085702
78.4	0.00085702
78.5	0.00085702
78.6	0.00085702
78.7	0.00085702
78.8	0.00085702
78.9	0.00085702
79.	0.00085702
79.1	0.00085702
79.2	0.00085702
79.3	0.00085702
79.4	0.00085702
79.5	0.00085702
79.6	0.00085702
79.7	0.00085702
79.8	0.00085702
79.9	0.00085702
80.	0.00085702
80.1	0.00085702
80.2	0.00085702
80.3	0.00085702
80.4	0.00085702
80.5	0.00085702
80.6	0.00085702
80.7	0.00085702
80.8	0.00085702
80.9	0.00085702
81.	0.00085702
81.1	0.00085702
81.2	0.00085702
81.3	0.00085702
81.4	0.00085702
81.5	0.00085702
81.6	0.00085702
81.7	0.00085702
81.8	0.00085702
81.9	0.00085702
82.	0.00085702
82.1	0.00085702
82.2	0.00085702
82.3	0.00085702
82.4	0.00085702
82.5	0.00085702
82.6	0.00085702
82.7	0.00085702
82.8	0.00085702
82.9	0.00085702
83.	0.00085702
83.1	0.00085702
83.2	0.00085702
83.3	0.00085702
83.4	0.00085702
83.5	0.00085702
83.6	0.00085702
83.7	0.00085702
83.8	0.00085702
83.9	0.00085702
84.	0.00085702
84.1	0.00085702
84.2	0.00085702
84.3	0.00085702
84.4	0.00085702
84.5	0.00085702
84.6	0.00085702
84.7	0.00085702
84.8	0.00085702
84.9	0.00085702
85.	0.00085702
85.1	0.00085702
85.2	0.00085702
85.3	0.00085702
85.4	0.00085702
85.5	0.00085702
85.6	0.00085702
85.7	0.00085702
85.8	0.00085702
85.9	0.00085702
86.	0.00085702
86.1	0.00085702
86.2	0.00085702
86.3	0.00085702
86.4	0.00085702
86.5	0.00085702
86.6	0.00085702
86.7	0.00085702
86.8	0.00085702
86.9	0.00085702
87.	0.00085702
87.1	0.00085702
87.2	0.00085702
87.3	0.00085702
87.4	0.00085702
87.5	0.00085702
87.6	0.00085702
87.7	0.00085702
87.8	0.00085702
87.9	0.00085702
88.	0.00085702
88.1	0.00085702
88.2	0.00085702
88.3	0.00085702
88.4	0.00085702
88.5	0.00085702
88.6	0.00085702
88.7	0.00085702
88.8	0.00085702
88.9	0.00085702
89.	0.00085702
89.1	0.00085702
89.2	0.00085702
89.3	0.00085702
89.4	0.00085702
89.5	0.00085702
89.6	0.00085702
89.7	0.00085702
89.8	0.00085702
89.9	0.00085702
90.	0.00085702
90.1	0.00085702
90.2	0.00085702
90.3	0.00085702
90.4	0.00085702
90.5	0.00085702
90.6	0.00085702
90.7	0.00085702
90.8	0.00085702
90.9	0.00085702
91.	0.00085702
91.1	0.00085702
91.2	0.00085702
91.3	0.00085702
91.4	0.00085702
91.5	0.00085702
91.6	0.00085702
91.7	0.00085702
91.8	0.00085702
91.9	0.00085702
92.	0.00085702
92.1	0.00085702
92.2	0.00085702
92.3	0.00085702
92.4	0.00085702
92.5	0.00085702
92.6	0.00085702
92.7	0.00085702
92.8	0.00085702
92.9	0.00085702
93.	0.00085702
93.1	0.00085702
93.2	0.00085702
93.3	0.00085702
93.4	0.00085702
93.5	0.00085702
93.6	0.00085702
93.7	0.00085702
93.8	0.00085702
93.9	0.00085702
94.	0.00085702
94.1	0.00085702
94.2	0.00085702
94.3	0.00085702
94.4	0.00085702
94.5	0.00085702
94.6	0.00085702
94.7	0.00085702
94.8	0.00085702
94.9	0.00085702
95.	0.00085702
95.1	0.00085702
95.2	0.00085702
95.3	0.00085702
95.4	0.00085702
95.5	0.00085702
95.6	0.00085702
95.7	0.00085702
95.8	0.00085702
95.9	0.00085702
96.	0.00085702
96.1	0.00085702
96.2	0.00085702
96.3	0.00085702
96.4	0.00085702
96.5	0.00085702
96.6	0.00085702
96.7	0.00085702
96.8	0.00085702
96.9	0.00085702
97.	0.00085702
97.1	0.00085702
97.2	0.00085702
97.3	0.00085702
97.4	0.00085702
97.5	0.00085702
97.6	0.00085702
97.7	0.00085702
97.8	0.00085702
97.9	0.00085702
98.	0.00085702
98.1	0.00085702
98.2	0.00085702
98.3	0.00085702
98.4	0.00085702
98.5	0.00085702
98.6	0.00085702
98.7	0.00085702
98.8	0.00085702
98.9	0.00085702
99.	0.00085702
99.1	0.00085702
99.2	0.00085702
99.3	0.00085702
99.4	0.00085702
99.5	0.00085702
99.6	0.00085702
99.7	0.00085702
99.8	0.00085702
99.9	0.00085702
100.	0.00085702
105.	0.00085702
110.	0.00085702
115.	0.00085702
120.	0.00085702
125.	0.00085702
130.	0.00085702
135.	0.00085702
140.	0.00085702
145.	0.00085702
150.	0.00085702
155.	0.00085702
160.	0.00085702
165.	0.00085702
170.	0.00085702
175.	0.00085702
180.	0.00085702
185.	0.00085702
190.	0.00085702
195.	0.00085702
200.	0.00085702
205.	0.00085702
210.	0.00085702
215.	0.00085702
220.	0.00085702
225.	0.00085702
230.	0.00085702
235.	0.00085702
240.	0.00085702
245.	0.00085702
250.	0.00085702
255.	0.00085702
260.	0.00085702
265.	0.00085702
270.	0.00085702
275.	0.00085702
280.	0.00085702
285.	0.00085702
290.	0.00085702
295.	0.00085702
300.	0.00085702
305.	0.00085702
310.	0.00085702
315.	0.00085702
320.	0.00085702
325.	0.00085702
330.	0.00085702
335.	0.00085702
340.	0.00085702
345.	0.00085702
350.	0.00085702
355.	0.00085702
360.	0.00085702
365.	0.00085702
370.	0.00085702
375.	0.00085702
380.	0.00085702
385.	0.00085702
390.	0.00085702
395.	0.00085702
400.	0.00085702
405.	0.00085702
410.	0.00085702
415.	0.00085702
420.	0.00085702
425.	0.00085702
430.	0.00085702
435.	0.00085702
440.	0.00085702
445.	0.00085702
450.	0.00085702
455.	0.00085702
460.	0.00085702
465.	0.00085702
470.	0.00085702
475.	0.00085702
480.	0.00085702
485.	0.00085702
490.	0.00085702
495.	0.00085702
500.	0.00085702
550.	0.00085702
600.	0.00085702
650.	0.00085702
700.	0.00085702
750.	0.00085702
800.	0.00085702
850.	0.00085702
900.	0.00085702
950.	0.00085702
1000.	0.00085702
1050.	0.00085702
1100.	0.00085702
1150.	0.00085702
1200.	0.00085702
1250.	0.00085702
1300.	0.00085702
1350.	0.00085702
1400.	0.00085702
1450.	0.00085702
1500.	0.00085702
1550.	0.00085702
1600.	0.00085702
1650.	0.00085702
1700.	0.00085702
1750.	0.00085702
1800.	0.00085702
1850.	0.00085702
1900.	0.00085702
1950.	0.00085702
2000.	0.00085702
2050.	0.00085702
2100.	0.00085702
2150.	0.00085702
2200.	0.00085702
2250.	0.00085702
2300.	0.00085702
2350.	0.00085702
2400.	0.00085702
2450.	0.00085702
2500.	0.00085702
2550.	0.00085702
2600.	0.00085702
2650.	0.00085702
2700.	0.00085702
2750.	0.00085702
2800.	0.00085702
2850.	0.00085702
2900.	0.00085702
2950.	0.00085702
3000.	0.00085702
3050.	0.00085702
3100.	0.00085702
3150.	0.00085702
3200.	0.00085702
3250.	0.00085702
3300.	0.00085702
3350.	0.00085702
3400.	0.00085702
3450.	0.00085702
3500.	0.00085702
3550.	0.00085702
3600.	0.00085702
3650.	0.00085702
3700.	0.00085702
3750.	0.00085702
3800.	0.00085702
3850.	0.00085702
3900.	0.00085702
3950.	0.00085702
4000.	0.00085702
4050.	0.00085702
4100.	0.00085702
4150.	0.00085702
4200.	0.00085702
4250.	0.00085702
4300.	0.00085702
4350.	0.00085702
4400.	0.00085702
4450.	0.00085702
4500.	0.00085702
4550.	0.00085702
4600.	0.00085702
4650.	0.00085702
4700.	0.00085702
4750.	0.00085702
4800.	0.00085702
4850.	0.00085702
4900.	0.00085702
4950.	0.00085702
5000.	0.00085702
5500.	0.00085702
6000.	0.00085702
6500.	0.00085702
7000.	0.00085702
7500.	0.00085702
8000.	0.00085702
8500.	0.00085702
9000.	0.00085702
9500.	0.00085702
10000.	0.00085702
20000.	0.00085702
30000.	0.00085702
40000.	0.00085702
50000.	0.00085702
60000.	0.00085702
70000.	0.00085702
80000.	0.00085702
90000.	0.00085702
100000.	0.00085702