5.3	0.0011651320756094201
5.4	0.0011449106450142567
5.5	0.0011241889805574529
5.6	0.0011031015573410082
5.7	0.0010817828504669222
5.8	0.001060367335037195
5.9	0.0010390023728071628
6.	0.0010178217714500299
6.1	0.0009969292118144994
6.2	0.0009764460741115889
6.3	0.000956521877284685
6.4	0.0009372113251135454
6.5	0.0009185801175627858
6.6	0.0009006647061721387
6.7	0.000883503911437519
6.8	0.0008671079051028078
6.9	0.0008514952001420486
7.	0.0008366602410181536
7.1	0.0008226049884013105
7.2	0.0008093163213017102
7.3	0.0007967849086687353
7.4	0.0007849930486366984
7.5	0.000773924470858779
7.6	0.0007635593736072836
7.7	0.000753877962719903
7.8	0.0007448584983211905
7.9	0.000736479644152875
8.	0.0007287199929824907
8.1	0.0007215577445758393
8.2	0.0007149706786560383
8.3	0.0007089374613748318
8.4	0.0007034367630975891
8.5	0.0006984475791917308
8.6	0.0006939478710452408
8.7	0.0006899199076418403
8.8	0.0006863455154005854
8.9	0.0006832038228222568
9.	0.0006804745645293235
9.1	0.0006781397048804491
9.2	0.0006761808724220573
9.3	0.0006745810104540064
9.4	0.0006733228590684763
9.5	0.0006723894704157306
9.6	0.0006717639407791927
9.7	0.000671429418573026
9.8	0.0006713693085865944
9.9	0.0006715670832779572
10.	0.0006720064018289018
10.1	0.0006726708567405695
10.2	0.0006735444188095628
10.3	0.0006746110986438651
10.4	0.0006758546309917719
10.5	0.0006772586801292597
10.6	0.0006788077110159791
10.7	0.0006804860294494883
10.8	0.0006822763861356023
10.9	0.0006841622943085049
11.	0.000686129407882581
11.1	0.0006881628085279934
11.2	0.0006902476639810621
11.3	0.0006923691148580777
11.4	0.000694515623360548
11.5	0.0006966773226324095
11.6	0.0006988413283603801
11.7	0.0007009957157569404
11.8	0.0007031285600345715
11.9	0.0007052333549928748
12.	0.0007073198092196146
12.1	0.000709388098411665
12.2	0.0007114379681795399
12.3	0.0007134645062265388
12.4	0.0007154509592821024
12.5	0.0007174269547456154
12.6	0.0007193997094731211
12.7	0.0007213764403206628
12.8	0.0007233575861170755
12.9	0.0007253505183552806
13.	0.0007273750606690647
13.1	0.0007294425749820577
13.2	0.0007315644232178893
13.3	0.0007337505405953699
13.4	0.00073601354009128
13.5	0.0007383658978665389
13.6	0.0007408195217941247
13.7	0.0007433863197470154
13.8	0.0007460839765749249
13.9	0.0007489170292959449
14.	0.0007518957211251093
14.1	0.0007550303264740882
14.2	0.0007583342358447508
14.3	0.0007618219952902339
14.4	0.0007654925446151827
14.5	0.0007693530518027157
14.6	0.0007734106848359517
14.7	0.0007776790374927492
14.8	0.0007821624615199276
14.9	0.0007868595592317796
15.	0.0007917742933369005
15.1	0.0007969106265438858
15.2	0.000802285703224385
15.3	0.0008078895911513823
15.4	0.0008137188661852104
15.5	0.0008197730451109843
15.6	0.0008260536044316347
15.7	0.0008325750387201169
15.8	0.0008393140004206824
15.9	0.0008462646065340909
16.	0.000853420974061102
16.1	0.0008607858176328945
16.2	0.000868356600251213
16.3	0.0008761069389580458
16.4	0.0008840247202263375
16.5	0.0008920978305290336
16.6	0.0009003278203044432
16.7	0.0009086926594136651
16.8	0.0009171669741486849
16.9	0.0009257328820521183
17.	0.0009343725006665819
17.1	0.0009430778625340715
17.2	0.0009518192384150811
17.3	0.0009605749086172358
17.4	0.0009693239932629489
17.5	0.0009780446480603105
17.6	0.000986713471492449
17.7	0.0009953146258611383
17.8	0.001003828527686438
17.9	0.001012235593488407
18.	0.001020506294524684
18.1	0.001028622770529586
18.2	0.0010365820350158198
18.3	0.0010443701784657333
18.4	0.0010519732913616727
18.5	0.001059347975396549
18.6	0.0010665079779202029
18.7	0.0010734601743147252
18.8	0.0010802014747255922
18.9	0.0010867281551259081
19.	0.0010930133008777748
19.1	0.0010990765831751432
19.2	0.0011049180140973542
19.3	0.0011105376057237487
19.4	0.0011159353701336672
19.5	0.0011211113194064509
19.6	0.0011260654656214402
19.7	0.0011307978208579758
19.8	0.0011353083971953988
19.9	0.001139527318294299
20.	0.0011434782445325462
20.1	0.0011472202887821263
20.2	0.0011507616091240235
20.3	0.0011541103636392225
20.4	0.0011572747104087071
20.5	0.0011602628075134624
20.6	0.0011630828130344717
20.7	0.0011657428850527201
20.8	0.0011682544608274277
20.9	0.001170643935096957
21.	0.0011728960359439205
21.1	0.0011750172277116163
21.2	0.001177013974743343
21.3	0.0011788927413823994
21.4	0.0011806599919720836
21.5	0.0011823221908556943
21.6	0.0011838858023765296
21.7	0.0011853572908778881
21.8	0.0011867703420353273
21.9	0.0011881151330992393
22.	0.0011893826566908487
22.1	0.001190576678698311
22.2	0.001191700965009781
22.3	0.0011927592815134146
22.4	0.0011937553940973668
22.5	0.0011946930686497932
22.6	0.0011955760710588488
22.7	0.0011964136757087636
22.8	0.0011972218060760892
22.9	0.0011979846008762592
23.	0.0011987042353429039
23.1	0.0011993828847096533
23.2	0.0012000227242101374
23.3	0.0012006259290779863
23.4	0.0012011946745468301
23.5	0.0012017311358502988
23.6	0.0012022374882220224
23.7	0.0012027269044279905
23.8	0.0012031928627681144
23.9	0.0012036335446632166
24.	0.0012040501763695632
24.1	0.00120444398414342
24.2	0.0012048161942410534
24.3	0.001205168032918729
24.4	0.0012055007264327126
24.5	0.0012058155010392707
24.6	0.001206116236495364
24.7	0.0012064065603611795
24.8	0.0012066819335054323
24.9	0.0012069430501601796
25.	0.0012071906045574789
25.1	0.0012074252909293865
25.2	0.0012076478035079603
25.3	0.0012078588365252569
25.4	0.0012080590842133334
25.5	0.001208249240804247
25.6	0.0012084338878903143
25.7	0.001208610068370342
25.8	0.0012087776797074221
25.9	0.0012089371189717211
26.	0.0012090887832334064
26.1	0.0012092330695626448
26.2	0.001209370375029603
26.3	0.0012095010967044487
26.4	0.0012096256316573484
26.5	0.0012097452903625668
26.6	0.0012098606636207398
26.7	0.0012099708395085526
26.8	0.001210076074756689
26.9	0.001210176626095832
27.	0.0012102727502566657
27.1	0.0012103647039698735
27.2	0.0012104527439661392
27.3	0.0012105371269761462
27.4	0.0012106181097305783
27.5	0.001210698664316435
27.6	0.0012107761760771336
27.7	0.001210850686829755
27.8	0.0012109222668755402
27.9	0.0012109909865157297
28.	0.0012110569160515643
28.1	0.0012111201257842847
28.2	0.0012111806860151313
28.3	0.0012112386670453449
28.4	0.001211293583515306
28.5	0.001211345526566789
28.6	0.0012113950472768117
28.7	0.0012114422495471799
28.8	0.0012114872372797
28.9	0.001211530114376178
29.	0.0012115709847384203
29.1	0.0012116099522682326
29.2	0.0012116471208674213
29.3	0.0012116825944377926
29.4	0.0012117164768811525
29.5	0.0012117488720993072
29.6	0.0012117798839940627
29.7	0.0012118096164672255
29.8	0.0012118381734206013
29.9	0.0012118656587559965
30.	0.0012118921763752172
30.1	0.0012119178301800695
30.2	0.0012119427240723595
30.3	0.0012119711860848939
30.4	0.001212001363508689
30.5	0.0012120309113090636
30.6	0.0012120598230266678
30.7	0.0012120880922021516
30.8	0.0012121157123761658
30.9	0.00121214267708936
31.	0.0012121689798823849
31.1	0.0012121946142958904
31.2	0.001212219573870527
31.3	0.0012122438521469448
31.4	0.001212267442665794
31.5	0.0012122903389677245
31.6	0.0012123125345933872
31.7	0.001212334023083432
31.8	0.001212354797978509
31.9	0.0012123748528192685
32.	0.0012123941811463608
32.1	0.0012124127765004362
32.2	0.0012124290385624945
32.3	0.0012124440397897013
32.4	0.0012124583514129268
32.5	0.0012124720028984688
32.6	0.0012124850237126257
32.7	0.0012124974433216952
32.8	0.0012125092911919755
32.9	0.0012125205967897644
33.	0.0012125313895813598
33.1	0.0012125416990330599
33.2	0.0012125515546111628
33.3	0.0012125609857819662
33.4	0.0012125700220117681
33.5	0.0012125786927668666
33.6	0.0012125870275135598
33.7	0.0012125950557181455
33.8	0.0012126028068469219
33.9	0.0012126103103661868
34.	0.0012126175957422381
34.1	0.0012126256117767852
34.2	0.0012126336165418604
34.3	0.0012126414578613753
34.4	0.0012126491469780624
34.5	0.001212656695134654
34.6	0.001212664113573882
34.7	0.0012126714135384793
34.8	0.0012126786062711778
34.9	0.0012126857030147098
35.	0.0012126927150118076
35.1	0.0012126996535052033
35.2	0.0012127065297376297
35.3	0.0012127133549518184
35.4	0.0012127201403905022
35.5	0.001212726897296413
35.6	0.0012127336369122835
35.7	0.0012127403704808456
35.8	0.0012127471092448318
35.9	0.001212753864446974
36.	0.0012127606473300051
36.1	0.0012127674691366568
36.2	0.0012127743411096618
36.3	0.001212781274491752
36.4	0.0012127882805256598
36.5	0.0012127953704541177
36.6	0.0012128025555198578
36.7	0.0012128098469656123
36.8	0.0012128172560341135
36.9	0.0012128247939680937
37.	0.0012128324720102853
37.1	0.0012128403014034204
37.2	0.0012128482933902315
37.3	0.0012128564592134507
37.4	0.00121286481011581
37.5	0.0012128733573400423
37.6	0.0012128821121288795
37.7	0.0012128910857250538
37.8	0.00121289
37.9	0.00121289
38.	0.00121289
38.1	0.00121289
38.2	0.00121289
38.3	0.00121289
38.4	0.00121289
38.5	0.00121289
38.6	0.00121289
38.7	0.00121289
38.8	0.00121289
38.9	0.00121289
39.	0.00121289
39.1	0.00121289
39.2	0.00121289
39.3	0.00121289
39.4	0.00121289
39.5	0.00121289
39.6	0.00121289
39.7	0.00121289
39.8	0.00121289
39.9	0.00121289
40.	0.00121289
40.1	0.00121289
40.2	0.00121289
40.3	0.00121289
40.4	0.00121289
40.5	0.00121289
40.6	0.00121289
40.7	0.00121289
40.8	0.00121289
40.9	0.00121289
41.	0.00121289
41.1	0.00121289
41.2	0.00121289
41.3	0.00121289
41.4	0.00121289
41.5	0.00121289
41.6	0.00121289
41.7	0.00121289
41.8	0.00121289
41.9	0.00121289
42.	0.00121289
42.1	0.00121289
42.2	0.00121289
42.3	0.00121289
42.4	0.00121289
42.5	0.00121289
42.6	0.00121289
42.7	0.00121289
42.8	0.00121289
42.9	0.00121289
43.	0.00121289
43.1	0.00121289
43.2	0.00121289
43.3	0.00121289
43.4	0.00121289
43.5	0.00121289
43.6	0.00121289
43.7	0.00121289
43.8	0.00121289
43.9	0.00121289
44.	0.00121289
44.1	0.00121289
44.2	0.00121289
44.3	0.00121289
44.4	0.00121289
44.5	0.00121289
44.6	0.00121289
44.7	0.00121289
44.8	0.00121289
44.9	0.00121289
45.	0.00121289
45.1	0.00121289
45.2	0.00121289
45.3	0.00121289
45.4	0.00121289
45.5	0.00121289
45.6	0.00121289
45.7	0.00121289
45.8	0.00121289
45.9	0.00121289
46.	0.00121289
46.1	0.00121289
46.2	0.00121289
46.3	0.00121289
46.4	0.00121289
46.5	0.00121289
46.6	0.00121289
46.7	0.00121289
46.8	0.00121289
46.9	0.00121289
47.	0.00121289
47.1	0.00121289
47.2	0.00121289
47.3	0.00121289
47.4	0.00121289
47.5	0.00121289
47.6	0.00121289
47.7	0.00121289
47.8	0.00121289
47.9	0.00121289
48.	0.00121289
48.1	0.00121289
48.2	0.00121289
48.3	0.00121289
48.4	0.00121289
48.5	0.00121289
48.6	0.00121289
48.7	0.00121289
48.8	0.00121289
48.9	0.00121289
49.	0.00121289
49.1	0.00121289
49.2	0.00121289
49.3	0.00121289
49.4	0.00121289
49.5	0.00121289
49.6	0.00121289
49.7	0.00121289
49.8	0.00121289
49.9	0.00121289
50.	0.00121289
50.1	0.00121289
50.2	0.00121289
50.3	0.00121289
50.4	0.00121289
50.5	0.00121289
50.6	0.00121289
50.7	0.00121289
50.8	0.00121289
50.9	0.00121289
51.	0.00121289
51.1	0.00121289
51.2	0.00121289
51.3	0.00121289
51.4	0.00121289
51.5	0.00121289
51.6	0.00121289
51.7	0.00121289
51.8	0.00121289
51.9	0.00121289
52.	0.00121289
52.1	0.00121289
52.2	0.00121289
52.3	0.00121289
52.4	0.00121289
52.5	0.00121289
52.6	0.00121289
52.7	0.00121289
52.8	0.00121289
52.9	0.00121289
53.	0.00121289
53.1	0.00121289
53.2	0.00121289
53.3	0.00121289
53.4	0.00121289
53.5	0.00121289
53.6	0.00121289
53.7	0.00121289
53.8	0.00121289
53.9	0.00121289
54.	0.00121289
54.1	0.00121289
54.2	0.00121289
54.3	0.00121289
54.4	0.00121289
54.5	0.00121289
54.6	0.00121289
54.7	0.00121289
54.8	0.00121289
54.9	0.00121289
55.	0.00121289
55.1	0.00121289
55.2	0.00121289
55.3	0.00121289
55.4	0.00121289
55.5	0.00121289
55.6	0.00121289
55.7	0.00121289
55.8	0.00121289
55.9	0.00121289
56.	0.00121289
56.1	0.00121289
56.2	0.00121289
56.3	0.00121289
56.4	0.00121289
56.5	0.00121289
56.6	0.00121289
56.7	0.00121289
56.8	0.00121289
56.9	0.00121289
57.	0.00121289
57.1	0.00121289
57.2	0.00121289
57.3	0.00121289
57.4	0.00121289
57.5	0.00121289
57.6	0.00121289
57.7	0.00121289
57.8	0.00121289
57.9	0.00121289
58.	0.00121289
58.1	0.00121289
58.2	0.00121289
58.3	0.00121289
58.4	0.00121289
58.5	0.00121289
58.6	0.00121289
58.7	0.00121289
58.8	0.00121289
58.9	0.00121289
59.	0.00121289
59.1	0.00121289
59.2	0.00121289
59.3	0.00121289
59.4	0.00121289
59.5	0.00121289
59.6	0.00121289
59.7	0.00121289
59.8	0.00121289
59.9	0.00121289
60.	0.00121289
60.1	0.00121289
60.2	0.00121289
60.3	0.00121289
60.4	0.00121289
60.5	0.00121289
60.6	0.00121289
60.7	0.00121289
60.8	0.00121289
60.9	0.00121289
61.	0.00121289
61.1	0.00121289
61.2	0.00121289
61.3	0.00121289
61.4	0.00121289
61.5	0.00121289
61.6	0.00121289
61.7	0.00121289
61.8	0.00121289
61.9	0.00121289
62.	0.00121289
62.1	0.00121289
62.2	0.00121289
62.3	0.00121289
62.4	0.00121289
62.5	0.00121289
62.6	0.00121289
62.7	0.00121289
62.8	0.00121289
62.9	0.00121289
63.	0.00121289
63.1	0.00121289
63.2	0.00121289
63.3	0.00121289
63.4	0.00121289
63.5	0.00121289
63.6	0.00121289
63.7	0.00121289
63.8	0.00121289
63.9	0.00121289
64.	0.00121289
64.1	0.00121289
64.2	0.00121289
64.3	0.00121289
64.4	0.00121289
64.5	0.00121289
64.6	0.00121289
64.7	0.00121289
64.8	0.00121289
64.9	0.00121289
65.	0.00121289
65.1	0.00121289
65.2	0.00121289
65.3	0.00121289
65.4	0.00121289
65.5	0.00121289
65.6	0.00121289
65.7	0.00121289
65.8	0.00121289
65.9	0.00121289
66.	0.00121289
66.1	0.00121289
66.2	0.00121289
66.3	0.00121289
66.4	0.00121289
66.5	0.00121289
66.6	0.00121289
66.7	0.00121289
66.8	0.00121289
66.9	0.00121289
67.	0.00121289
67.1	0.00121289
67.2	0.00121289
67.3	0.00121289
67.4	0.00121289
67.5	0.00121289
67.6	0.00121289
67.7	0.00121289
67.8	0.00121289
67.9	0.00121289
68.	0.00121289
68.1	0.00121289
68.2	0.00121289
68.3	0.00121289
68.4	0.00121289
68.5	0.00121289
68.6	0.00121289
68.7	0.00121289
68.8	0.00121289
68.9	0.00121289
69.	0.00121289
69.1	0.00121289
69.2	0.00121289
69.3	0.00121289
69.4	0.00121289
69.5	0.00121289
69.6	0.00121289
69.7	0.00121289
69.8	0.00121289
69.9	0.00121289
70.	0.00121289
70.1	0.00121289
70.2	0.00121289
70.3	0.00121289
70.4	0.00121289
70.5	0.00121289
70.6	0.00121289
70.7	0.00121289
70.8	0.00121289
70.9	0.00121289
71.	0.00121289
71.1	0.00121289
71.2	0.00121289
71.3	0.00121289
71.4	0.00121289
71.5	0.00121289
71.6	0.00121289
71.7	0.00121289
71.8	0.00121289
71.9	0.00121289
72.	0.00121289
72.1	0.00121289
72.2	0.00121289
72.3	0.00121289
72.4	0.00121289
72.5	0.00121289
72.6	0.00121289
72.7	0.00121289
72.8	0.00121289
72.9	0.00121289
73.	0.00121289
73.1	0.00121289
73.2	0.00121289
73.3	0.00121289
73.4	0.00121289
73.5	0.00121289
73.6	0.00121289
73.7	0.00121289
73.8	0.00121289
73.9	0.00121289
74.	0.00121289
74.1	0.00121289
74.2	0.00121289
74.3	0.00121289
74.4	0.00121289
74.5	0.00121289
74.6	0.00121289
74.7	0.00121289
74.8	0.00121289
74.9	0.00121289
75.	0.00121289
75.1	0.00121289
75.2	0.00121289
75.3	0.00121289
75.4	0.00121289
75.5	0.00121289
75.6	0.00121289
75.7	0.00121289
75.8	0.00121289
75.9	0.00121289
76.	0.00121289
76.1	0.00121289
76.2	0.00121289
76.3	0.00121289
76.4	0.00121289
76.5	0.00121289
76.6	0.00121289
76.7	0.00121289
76.8	0.00121289
76.9	0.00121289
77.	0.00121289
77.1	0.00121289
77.2	0.00121289
77.3	0.00121289
77.4	0.00121289
77.5	0.00121289
77.6	0.00121289
77.7	0.00121289
77.8	0.00121289
77.9	0.00121289
78.	0.00121289
78.1	0.00121289
78.2	0.00121289
78.3	0.00121289
78.4	0.00121289
78.5	0.00121289
78.6	0.00121289
78.7	0.00121289
78.8	0.00121289
78.9	0.00121289
79.	0.00121289
79.1	0.00121289
79.2	0.00121289
79.3	0.00121289
79.4	0.00121289
79.5	0.00121289
79.6	0.00121289
79.7	0.00121289
79.8	0.00121289
79.9	0.00121289
80.	0.00121289
80.1	0.00121289
80.2	0.00121289
80.3	0.00121289
80.4	0.00121289
80.5	0.00121289
80.6	0.00121289
80.7	0.00121289
80.8	0.00121289
80.9	0.00121289
81.	0.00121289
81.1	0.00121289
81.2	0.00121289
81.3	0.00121289
81.4	0.00121289
81.5	0.00121289
81.6	0.00121289
81.7	0.00121289
81.8	0.00121289
81.9	0.00121289
82.	0.00121289
82.1	0.00121289
82.2	0.00121289
82.3	0.00121289
82.4	0.00121289
82.5	0.00121289
82.6	0.00121289
82.7	0.00121289
82.8	0.00121289
82.9	0.00121289
83.	0.00121289
83.1	0.00121289
83.2	0.00121289
83.3	0.00121289
83.4	0.00121289
83.5	0.00121289
83.6	0.00121289
83.7	0.00121289
83.8	0.00121289
83.9	0.00121289
84.	0.00121289
84.1	0.00121289
84.2	0.00121289
84.3	0.00121289
84.4	0.00121289
84.5	0.00121289
84.6	0.00121289
84.7	0.00121289
84.8	0.00121289
84.9	0.00121289
85.	0.00121289
85.1	0.00121289
85.2	0.00121289
85.3	0.00121289
85.4	0.00121289
85.5	0.00121289
85.6	0.00121289
85.7	0.00121289
85.8	0.00121289
85.9	0.00121289
86.	0.00121289
86.1	0.00121289
86.2	0.00121289
86.3	0.00121289
86.4	0.00121289
86.5	0.00121289
86.6	0.00121289
86.7	0.00121289
86.8	0.00121289
86.9	0.00121289
87.	0.00121289
87.1	0.00121289
87.2	0.00121289
87.3	0.00121289
87.4	0.00121289
87.5	0.00121289
87.6	0.00121289
87.7	0.00121289
87.8	0.00121289
87.9	0.00121289
88.	0.00121289
88.1	0.00121289
88.2	0.00121289
88.3	0.00121289
88.4	0.00121289
88.5	0.00121289
88.6	0.00121289
88.7	0.00121289
88.8	0.00121289
88.9	0.00121289
89.	0.00121289
89.1	0.00121289
89.2	0.00121289
89.3	0.00121289
89.4	0.00121289
89.5	0.00121289
89.6	0.00121289
89.7	0.00121289
89.8	0.00121289
89.9	0.00121289
90.	0.00121289
90.1	0.00121289
90.2	0.00121289
90.3	0.00121289
90.4	0.00121289
90.5	0.00121289
90.6	0.00121289
90.7	0.00121289
90.8	0.00121289
90.9	0.00121289
91.	0.00121289
91.1	0.00121289
91.2	0.00121289
91.3	0.00121289
91.4	0.00121289
91.5	0.00121289
91.6	0.00121289
91.7	0.00121289
91.8	0.00121289
91.9	0.00121289
92.	0.00121289
92.1	0.00121289
92.2	0.00121289
92.3	0.00121289
92.4	0.00121289
92.5	0.00121289
92.6	0.00121289
92.7	0.00121289
92.8	0.00121289
92.9	0.00121289
93.	0.00121289
93.1	0.00121289
93.2	0.00121289
93.3	0.00121289
93.4	0.00121289
93.5	0.00121289
93.6	0.00121289
93.7	0.00121289
93.8	0.00121289
93.9	0.00121289
94.	0.00121289
94.1	0.00121289
94.2	0.00121289
94.3	0.00121289
94.4	0.00121289
94.5	0.00121289
94.6	0.00121289
94.7	0.00121289
94.8	0.00121289
94.9	0.00121289
95.	0.00121289
95.1	0.00121289
95.2	0.00121289
95.3	0.00121289
95.4	0.00121289
95.5	0.00121289
95.6	0.00121289
95.7	0.00121289
95.8	0.00121289
95.9	0.00121289
96.	0.00121289
96.1	0.00121289
96.2	0.00121289
96.3	0.00121289
96.4	0.00121289
96.5	0.00121289
96.6	0.00121289
96.7	0.00121289
96.8	0.00121289
96.9	0.00121289
97.	0.00121289
97.1	0.00121289
97.2	0.00121289
97.3	0.00121289
97.4	0.00121289
97.5	0.00121289
97.6	0.00121289
97.7	0.00121289
97.8	0.00121289
97.9	0.00121289
98.	0.00121289
98.1	0.00121289
98.2	0.00121289
98.3	0.00121289
98.4	0.00121289
98.5	0.00121289
98.6	0.00121289
98.7	0.00121289
98.8	0.00121289
98.9	0.00121289
99.	0.00121289
99.1	0.00121289
99.2	0.00121289
99.3	0.00121289
99.4	0.00121289
99.5	0.00121289
99.6	0.00121289
99.7	0.00121289
99.8	0.00121289
99.9	0.00121289
100.	0.00121289
105.	0.00121289
110.	0.00121289
115.	0.00121289
120.	0.00121289
125.	0.00121289
130.	0.00121289
135.	0.00121289
140.	0.00121289
145.	0.00121289
150.	0.00121289
155.	0.00121289
160.	0.00121289
165.	0.00121289
170.	0.00121289
175.	0.00121289
180.	0.00121289
185.	0.00121289
190.	0.00121289
195.	0.00121289
200.	0.00121289
205.	0.00121289
210.	0.00121289
215.	0.00121289
220.	0.00121289
225.	0.00121289
230.	0.00121289
235.	0.00121289
240.	0.00121289
245.	0.00121289
250.	0.00121289
255.	0.00121289
260.	0.00121289
265.	0.00121289
270.	0.00121289
275.	0.00121289
280.	0.00121289
285.	0.00121289
290.	0.00121289
295.	0.00121289
300.	0.00121289
305.	0.00121289
310.	0.00121289
315.	0.00121289
320.	0.00121289
325.	0.00121289
330.	0.00121289
335.	0.00121289
340.	0.00121289
345.	0.00121289
350.	0.00121289
355.	0.00121289
360.	0.00121289
365.	0.00121289
370.	0.00121289
375.	0.00121289
380.	0.00121289
385.	0.00121289
390.	0.00121289
395.	0.00121289
400.	0.00121289
405.	0.00121289
410.	0.00121289
415.	0.00121289
420.	0.00121289
425.	0.00121289
430.	0.00121289
435.	0.00121289
440.	0.00121289
445.	0.00121289
450.	0.00121289
455.	0.00121289
460.	0.00121289
465.	0.00121289
470.	0.00121289
475.	0.00121289
480.	0.00121289
485.	0.00121289
490.	0.00121289
495.	0.00121289
500.	0.00121289
550.	0.00121289
600.	0.00121289
650.	0.00121289
700.	0.00121289
750.	0.00121289
800.	0.00121289
850.	0.00121289
900.	0.00121289
950.	0.00121289
1000.	0.00121289
1050.	0.00121289
1100.	0.00121289
1150.	0.00121289
1200.	0.00121289
1250.	0.00121289
1300.	0.00121289
1350.	0.00121289
1400.	0.00121289
1450.	0.00121289
1500.	0.00121289
1550.	0.00121289
1600.	0.00121289
1650.	0.00121289
1700.	0.00121289
1750.	0.00121289
1800.	0.00121289
1850.	0.00121289
1900.	0.00121289
1950.	0.00121289
2000.	0.00121289
2050.	0.00121289
2100.	0.00121289
2150.	0.00121289
2200.	0.00121289
2250.	0.00121289
2300.	0.00121289
2350.	0.00121289
2400.	0.00121289
2450.	0.00121289
2500.	0.00121289
2550.	0.00121289
2600.	0.00121289
2650.	0.00121289
2700.	0.00121289
2750.	0.00121289
2800.	0.00121289
2850.	0.00121289
2900.	0.00121289
2950.	0.00121289
3000.	0.00121289
3050.	0.00121289
3100.	0.00121289
3150.	0.00121289
3200.	0.00121289
3250.	0.00121289
3300.	0.00121289
3350.	0.00121289
3400.	0.00121289
3450.	0.00121289
3500.	0.00121289
3550.	0.00121289
3600.	0.00121289
3650.	0.00121289
3700.	0.00121289
3750.	0.00121289
3800.	0.00121289
3850.	0.00121289
3900.	0.00121289
3950.	0.00121289
4000.	0.00121289
4050.	0.00121289
4100.	0.00121289
4150.	0.00121289
4200.	0.00121289
4250.	0.00121289
4300.	0.00121289
4350.	0.00121289
4400.	0.00121289
4450.	0.00121289
4500.	0.00121289
4550.	0.00121289
4600.	0.00121289
4650.	0.00121289
4700.	0.00121289
4750.	0.00121289
4800.	0.00121289
4850.	0.00121289
4900.	0.00121289
4950.	0.00121289
5000.	0.00121289
5500.	0.00121289
6000.	0.00121289
6500.	0.00121289
7000.	0.00121289
7500.	0.00121289
8000.	0.00121289
8500.	0.00121289
9000.	0.00121289
9500.	0.00121289
10000.	0.00121289
20000.	0.00121289
30000.	0.00121289
40000.	0.00121289
50000.	0.00121289
60000.	0.00121289
70000.	0.00121289
80000.	0.00121289
90000.	0.00121289
100000.	0.00121289