5.3	0.0011968999634430052
5.4	0.0011731325029106705
5.5	0.0011521748591340265
5.6	0.0011333343879117732
5.7	0.0011159184450426104
5.8	0.0010992343863252384
5.9	0.0010812647427146703
6.	0.001061385485671616
6.1	0.001042069803949412
6.2	0.001023971286262721
6.3	0.0010084364355912826
6.4	0.0009944769383153835
6.5	0.0009808232613644859
6.6	0.000967474844567237
6.7	0.0009545112372947649
6.8	0.0009419715470539915
6.9	0.0009298978035442194
7.	0.0009183081783697824
7.1	0.0009072280838756412
7.2	0.0008966651103973845
7.3	0.000886631343294024
7.4	0.0008771207601465261
7.5	0.0008681298842835943
7.6	0.0008596452768997277
7.7	0.0008516531643210104
7.8	0.000844134376933888
7.9	0.0008370687805583549
8.	0.0008304342911528922
8.1	0.0008242075094012529
8.2	0.0008183643054354998
8.3	0.000812880168499453
8.4	0.0008077297051750882
8.5	0.0008028906033425475
8.6	0.0007983402159962089
8.7	0.0007940563583182504
8.8	0.0007900158922842185
8.9	0.000786200689612754
9.	0.0007825913307179667
9.1	0.0007791727210965804
9.2	0.0007759289304713298
9.3	0.0007728446795753522
9.4	0.0007699066598936988
9.5	0.0007671060422696527
9.6	0.0007644327824571483
9.7	0.0007618756439452826
9.8	0.0007594278637185278
9.9	0.0007570841249136235
10.	0.0007548402370822624
10.1	0.0007526917969592474
10.2	0.0007506362097356283
10.3	0.0007486699967076615
10.4	0.0007467928964924275
10.5	0.0007450038868317842
10.6	0.0007433027193961948
10.7	0.0007416889094276158
10.8	0.000740163399151953
10.9	0.0007387267128738933
11.	0.0007373789540115315
11.1	0.0007361206598769372
11.2	0.0007349530675709344
11.3	0.0007338771936861694
11.4	0.0007328927286325279
11.5	0.0007319986956760779
11.6	0.0007311953228388947
11.7	0.0007304824550408774
11.8	0.0007298599372019251
11.9	0.0007293302749078934
12.	0.0007288895522888084
12.1	0.0007285360903166358
12.2	0.0007282685709306184
12.3	0.0007280857201304206
12.4	0.0007279863759227265
12.5	0.0007279689375867421
12.6	0.0007280320163891497
12.7	0.0007281742235966315
12.8	0.000728394353123575
12.9	0.0007286910120696579
13.	0.0007290624719863387
13.1	0.0007295072324430372
13.2	0.0007300237930091731
13.3	0.0007306097091935453
13.4	0.0007312643083962489
13.5	0.0007319868274853608
13.6	0.0007327761272888271
13.7	0.0007336310686345942
13.8	0.0007345499455405024
13.9	0.0007355323420285191
14.	0.0007365772822550908
14.1	0.0007376837873157947
14.2	0.0007388511087551716
14.3	0.0007400785835760045
14.4	0.0007413643946284183
14.5	0.0007427073332735493
14.6	0.0007441061908725343
14.7	0.000745559924425717
14.8	0.000747067252699455
14.9	0.000748626746255645
15.	0.0007502371138323156
15.1	0.0007518970641674957
15.2	0.0007536075723516726
15.3	0.0007553649581358893
15.4	0.0007571666602210292
15.5	0.0007590106229476721
15.6	0.0007608950880391109
15.7	0.0007628202726811007
15.8	0.0007647806516025957
15.9	0.0007667733497392045
16.	0.0007687954920265354
16.1	0.0007708457620827015
16.2	0.0007729218914468686
16.3	0.0007750172885739949
16.4	0.0007771279488541945
16.5	0.0007792498676775816
16.6	0.0007813800931693295
16.7	0.0007835138566979318
16.8	0.0007856461320278603
16.9	0.0007877724700841673
17.	0.0007898884217919047
17.1	0.0007919896917274145
17.2	0.0007940716472279054
17.3	0.000796129779753362
17.4	0.0007981595937782557
17.5	0.0008001562872628993
17.6	0.0008021145632439137
17.7	0.0008040315287221151
17.8	0.0008059031001984483
17.9	0.0008077251941738578
18.	0.0008094927023243348
18.1	0.0008112017187221035
18.2	0.0008128498701308943
18.3	0.0008144336577338746
18.4	0.0008159495827142114
18.5	0.0008173743695460649
18.6	0.000818723067539905
18.7	0.0008200061173088255
18.8	0.0008212272762622862
18.9	0.000822390369063341
19.	0.0008235016797252463
19.1	0.0008245625518621047
19.2	0.0008255764139251746
19.3	0.0008265466943657147
19.4	0.0008274768216349837
19.5	0.0008283702241842401
19.6	0.0008292303304647424
19.7	0.0008300605689277493
19.8	0.0008308643680245192
19.9	0.0008316551828485501
20.	0.0008324330491140329
20.1	0.0008331929162922387
20.2	0.0008339370441566163
20.3	0.0008346676924806144
20.4	0.0008353871210376819
20.5	0.0008360975896012673
20.6	0.0008368013579448195
20.7	0.0008375006858417869
20.8	0.0008382086109179234
20.9	0.0008389873323539298
21.	0.0008397621012815269
21.1	0.0008405296105749874
21.2	0.000841286553108584
21.3	0.0008420296217565891
21.4	0.0008427555093932758
21.5	0.0008434609088929162
21.6	0.0008441425131297833
21.7	0.0008447970149781497
21.8	0.0008453726726921222
21.9	0.0008458951585930852
22.	0.000846388694221978
22.1	0.0008468547737849347
22.2	0.0008472948914880897
22.3	0.0008477105415375774
22.4	0.0008481032181395319
22.5	0.0008484744155000879
22.6	0.0008488256278253795
22.7	0.0008491609031271251
22.8	0.0008494873720168799
22.9	0.0008497974293054774
23.	0.0008500918317523232
23.1	0.0008503713361168237
23.2	0.0008506366991583842
23.3	0.0008508886776364109
23.4	0.0008511280283103095
23.5	0.0008513555079394861
23.6	0.0008515718732833463
23.7	0.0008517817971147195
23.8	0.0008519829393792835
23.9	0.0008521746347151852
24.	0.0008523573019689266
24.1	0.0008525313599870096
24.2	0.000852697227615936
24.3	0.0008528553237022077
24.4	0.0008530060670923268
24.5	0.000853149876632795
24.6	0.0008532880261472019
24.7	0.000853421708199515
24.8	0.0008535494839867295
24.9	0.0008536716009333048
25.	0.0008537883064637006
25.1	0.0008538998480023763
25.2	0.0008540064729737915
25.3	0.0008541084288024054
25.4	0.0008542059629126778
25.5	0.000854299322729068
25.6	0.0008543900051122719
25.7	0.0008544770839119401
25.8	0.000854560550463065
25.9	0.00085464055667932
26.	0.0008547172544743787
26.1	0.0008547907957619147
26.2	0.0008548613324556017
26.3	0.0008549290164691131
26.4	0.0008549939997161227
26.5	0.0008550567261195345
26.6	0.0008551174095273681
26.7	0.0008551757833767643
26.8	0.0008552319547157948
26.9	0.0008552860305925312
27.	0.0008553381180550454
27.1	0.0008553883241514091
27.2	0.0008554367559296936
27.3	0.0008554835204379711
27.4	0.000855528724724313
27.5	0.0008555738071859497
27.6	0.000855617467019247
27.7	0.0008556597058993495
27.8	0.0008557005394672893
27.9	0.0008557399833640988
28.	0.0008557780532308101
28.1	0.0008558147647084554
28.2	0.0008558501334380669
28.3	0.0008558841750606769
28.4	0.0008559161571853419
28.5	0.0008559461235086697
28.6	0.0008559747368931912
28.7	0.0008560020582131
28.8	0.0008560281483425898
28.9	0.0008560530681558542
29.	0.0008560768785270868
29.1	0.0008560996403304813
29.2	0.0008561214144402312
29.3	0.0008561422617305303
29.4	0.0008561622430755723
29.5	0.0008561814193495507
29.6	0.0008561998514266591
29.7	0.0008562176001810913
29.8	0.0008562347264870408
29.9	0.0008562512912187013
30.	0.0008562673552502665
30.1	0.00085628297945593
30.2	0.0008562982247098854
30.3	0.0008563157663772944
30.4	0.0008563344543042748
30.5	0.0008563528336160231
30.6	0.0008563708968796077
30.7	0.0008563886366620968
30.8	0.0008564060455305589
30.9	0.0008564231160520624
31.	0.0008564398407936757
31.1	0.0008564562123224671
31.2	0.0008564722232055051
31.3	0.000856487866009858
31.4	0.0008565031333025941
31.5	0.000856518017650782
31.6	0.0008565325116214899
31.7	0.0008565466077817862
31.8	0.0008565602986987394
31.9	0.0008565735769394178
32.	0.0008565864350708897
32.1	0.0008565988656602237
32.2	0.0008566098683708591
32.3	0.000856620107886837
32.4	0.0008566299366505237
32.5	0.0008566393696090671
32.6	0.0008566484217096153
32.7	0.0008566571078993163
32.8	0.0008566654431253184
32.9	0.0008566734423347697
33.	0.0008566811204748181
33.1	0.0008566884924926121
33.2	0.0008566955733352994
33.3	0.0008567023779500282
33.4	0.0008567089212839468
33.5	0.0008567152182842031
33.6	0.0008567212838979453
33.7	0.0008567271330723213
33.8	0.0008567327807544795
33.9	0.000856738241891568
34.	0.0008567435314307347
34.1	0.0008567491172813686
34.2	0.000856754634319894
34.3	0.0008567600079971324
34.4	0.0008567652442813684
34.5	0.0008567703491408866
34.6	0.0008567753285439716
34.7	0.0008567801884589081
34.8	0.0008567849348539807
34.9	0.0008567895736974738
35.	0.0008567941109576723
35.1	0.0008567985526028607
35.2	0.0008568029046013236
35.3	0.0008568071729213455
35.4	0.0008568113635312113
35.5	0.0008568154823992054
35.6	0.0008568195354936123
35.7	0.000856823528782717
35.8	0.0008568274682348037
35.9	0.0008568313598181572
36.	0.0008568352095010622
36.1	0.0008568390232518031
36.2	0.0008568428070386648
36.3	0.0008568465668299316
36.4	0.0008568503085938882
36.5	0.0008568540382988193
36.6	0.0008568577619130095
36.7	0.0008568614854047434
36.8	0.0008568652147423056
36.9	0.0008568689558939807
37.	0.0008568727148280534
37.1	0.0008568764975128081
37.2	0.0008568803099165296
37.3	0.0008568841580075024
37.4	0.0008568880477540112
37.5	0.0008568919851243406
37.6	0.0008568959760867753
37.7	0.0008569
37.8	0.0008569
37.9	0.0008569
38.	0.0008569
38.1	0.0008569
38.2	0.0008569
38.3	0.0008569
38.4	0.0008569
38.5	0.0008569
38.6	0.0008569
38.7	0.0008569
38.8	0.0008569
38.9	0.0008569
39.	0.0008569
39.1	0.0008569
39.2	0.0008569
39.3	0.0008569
39.4	0.0008569
39.5	0.0008569
39.6	0.0008569
39.7	0.0008569
39.8	0.0008569
39.9	0.0008569
40.	0.0008569
40.1	0.0008569
40.2	0.0008569
40.3	0.0008569
40.4	0.0008569
40.5	0.0008569
40.6	0.0008569
40.7	0.0008569
40.8	0.0008569
40.9	0.0008569
41.	0.0008569
41.1	0.0008569
41.2	0.0008569
41.3	0.0008569
41.4	0.0008569
41.5	0.0008569
41.6	0.0008569
41.7	0.0008569
41.8	0.0008569
41.9	0.0008569
42.	0.0008569
42.1	0.0008569
42.2	0.0008569
42.3	0.0008569
42.4	0.0008569
42.5	0.0008569
42.6	0.0008569
42.7	0.0008569
42.8	0.0008569
42.9	0.0008569
43.	0.0008569
43.1	0.0008569
43.2	0.0008569
43.3	0.0008569
43.4	0.0008569
43.5	0.0008569
43.6	0.0008569
43.7	0.0008569
43.8	0.0008569
43.9	0.0008569
44.	0.0008569
44.1	0.0008569
44.2	0.0008569
44.3	0.0008569
44.4	0.0008569
44.5	0.0008569
44.6	0.0008569
44.7	0.0008569
44.8	0.0008569
44.9	0.0008569
45.	0.0008569
45.1	0.0008569
45.2	0.0008569
45.3	0.0008569
45.4	0.0008569
45.5	0.0008569
45.6	0.0008569
45.7	0.0008569
45.8	0.0008569
45.9	0.0008569
46.	0.0008569
46.1	0.0008569
46.2	0.0008569
46.3	0.0008569
46.4	0.0008569
46.5	0.0008569
46.6	0.0008569
46.7	0.0008569
46.8	0.0008569
46.9	0.0008569
47.	0.0008569
47.1	0.0008569
47.2	0.0008569
47.3	0.0008569
47.4	0.0008569
47.5	0.0008569
47.6	0.0008569
47.7	0.0008569
47.8	0.0008569
47.9	0.0008569
48.	0.0008569
48.1	0.0008569
48.2	0.0008569
48.3	0.0008569
48.4	0.0008569
48.5	0.0008569
48.6	0.0008569
48.7	0.0008569
48.8	0.0008569
48.9	0.0008569
49.	0.0008569
49.1	0.0008569
49.2	0.0008569
49.3	0.0008569
49.4	0.0008569
49.5	0.0008569
49.6	0.0008569
49.7	0.0008569
49.8	0.0008569
49.9	0.0008569
50.	0.0008569
50.1	0.0008569
50.2	0.0008569
50.3	0.0008569
50.4	0.0008569
50.5	0.0008569
50.6	0.0008569
50.7	0.0008569
50.8	0.0008569
50.9	0.0008569
51.	0.0008569
51.1	0.0008569
51.2	0.0008569
51.3	0.0008569
51.4	0.0008569
51.5	0.0008569
51.6	0.0008569
51.7	0.0008569
51.8	0.0008569
51.9	0.0008569
52.	0.0008569
52.1	0.0008569
52.2	0.0008569
52.3	0.0008569
52.4	0.0008569
52.5	0.0008569
52.6	0.0008569
52.7	0.0008569
52.8	0.0008569
52.9	0.0008569
53.	0.0008569
53.1	0.0008569
53.2	0.0008569
53.3	0.0008569
53.4	0.0008569
53.5	0.0008569
53.6	0.0008569
53.7	0.0008569
53.8	0.0008569
53.9	0.0008569
54.	0.0008569
54.1	0.0008569
54.2	0.0008569
54.3	0.0008569
54.4	0.0008569
54.5	0.0008569
54.6	0.0008569
54.7	0.0008569
54.8	0.0008569
54.9	0.0008569
55.	0.0008569
55.1	0.0008569
55.2	0.0008569
55.3	0.0008569
55.4	0.0008569
55.5	0.0008569
55.6	0.0008569
55.7	0.0008569
55.8	0.0008569
55.9	0.0008569
56.	0.0008569
56.1	0.0008569
56.2	0.0008569
56.3	0.0008569
56.4	0.0008569
56.5	0.0008569
56.6	0.0008569
56.7	0.0008569
56.8	0.0008569
56.9	0.0008569
57.	0.0008569
57.1	0.0008569
57.2	0.0008569
57.3	0.0008569
57.4	0.0008569
57.5	0.0008569
57.6	0.0008569
57.7	0.0008569
57.8	0.0008569
57.9	0.0008569
58.	0.0008569
58.1	0.0008569
58.2	0.0008569
58.3	0.0008569
58.4	0.0008569
58.5	0.0008569
58.6	0.0008569
58.7	0.0008569
58.8	0.0008569
58.9	0.0008569
59.	0.0008569
59.1	0.0008569
59.2	0.0008569
59.3	0.0008569
59.4	0.0008569
59.5	0.0008569
59.6	0.0008569
59.7	0.0008569
59.8	0.0008569
59.9	0.0008569
60.	0.0008569
60.1	0.0008569
60.2	0.0008569
60.3	0.0008569
60.4	0.0008569
60.5	0.0008569
60.6	0.0008569
60.7	0.0008569
60.8	0.0008569
60.9	0.0008569
61.	0.0008569
61.1	0.0008569
61.2	0.0008569
61.3	0.0008569
61.4	0.0008569
61.5	0.0008569
61.6	0.0008569
61.7	0.0008569
61.8	0.0008569
61.9	0.0008569
62.	0.0008569
62.1	0.0008569
62.2	0.0008569
62.3	0.0008569
62.4	0.0008569
62.5	0.0008569
62.6	0.0008569
62.7	0.0008569
62.8	0.0008569
62.9	0.0008569
63.	0.0008569
63.1	0.0008569
63.2	0.0008569
63.3	0.0008569
63.4	0.0008569
63.5	0.0008569
63.6	0.0008569
63.7	0.0008569
63.8	0.0008569
63.9	0.0008569
64.	0.0008569
64.1	0.0008569
64.2	0.0008569
64.3	0.0008569
64.4	0.0008569
64.5	0.0008569
64.6	0.0008569
64.7	0.0008569
64.8	0.0008569
64.9	0.0008569
65.	0.0008569
65.1	0.0008569
65.2	0.0008569
65.3	0.0008569
65.4	0.0008569
65.5	0.0008569
65.6	0.0008569
65.7	0.0008569
65.8	0.0008569
65.9	0.0008569
66.	0.0008569
66.1	0.0008569
66.2	0.0008569
66.3	0.0008569
66.4	0.0008569
66.5	0.0008569
66.6	0.0008569
66.7	0.0008569
66.8	0.0008569
66.9	0.0008569
67.	0.0008569
67.1	0.0008569
67.2	0.0008569
67.3	0.0008569
67.4	0.0008569
67.5	0.0008569
67.6	0.0008569
67.7	0.0008569
67.8	0.0008569
67.9	0.0008569
68.	0.0008569
68.1	0.0008569
68.2	0.0008569
68.3	0.0008569
68.4	0.0008569
68.5	0.0008569
68.6	0.0008569
68.7	0.0008569
68.8	0.0008569
68.9	0.0008569
69.	0.0008569
69.1	0.0008569
69.2	0.0008569
69.3	0.0008569
69.4	0.0008569
69.5	0.0008569
69.6	0.0008569
69.7	0.0008569
69.8	0.0008569
69.9	0.0008569
70.	0.0008569
70.1	0.0008569
70.2	0.0008569
70.3	0.0008569
70.4	0.0008569
70.5	0.0008569
70.6	0.0008569
70.7	0.0008569
70.8	0.0008569
70.9	0.0008569
71.	0.0008569
71.1	0.0008569
71.2	0.0008569
71.3	0.0008569
71.4	0.0008569
71.5	0.0008569
71.6	0.0008569
71.7	0.0008569
71.8	0.0008569
71.9	0.0008569
72.	0.0008569
72.1	0.0008569
72.2	0.0008569
72.3	0.0008569
72.4	0.0008569
72.5	0.0008569
72.6	0.0008569
72.7	0.0008569
72.8	0.0008569
72.9	0.0008569
73.	0.0008569
73.1	0.0008569
73.2	0.0008569
73.3	0.0008569
73.4	0.0008569
73.5	0.0008569
73.6	0.0008569
73.7	0.0008569
73.8	0.0008569
73.9	0.0008569
74.	0.0008569
74.1	0.0008569
74.2	0.0008569
74.3	0.0008569
74.4	0.0008569
74.5	0.0008569
74.6	0.0008569
74.7	0.0008569
74.8	0.0008569
74.9	0.0008569
75.	0.0008569
75.1	0.0008569
75.2	0.0008569
75.3	0.0008569
75.4	0.0008569
75.5	0.0008569
75.6	0.0008569
75.7	0.0008569
75.8	0.0008569
75.9	0.0008569
76.	0.0008569
76.1	0.0008569
76.2	0.0008569
76.3	0.0008569
76.4	0.0008569
76.5	0.0008569
76.6	0.0008569
76.7	0.0008569
76.8	0.0008569
76.9	0.0008569
77.	0.0008569
77.1	0.0008569
77.2	0.0008569
77.3	0.0008569
77.4	0.0008569
77.5	0.0008569
77.6	0.0008569
77.7	0.0008569
77.8	0.0008569
77.9	0.0008569
78.	0.0008569
78.1	0.0008569
78.2	0.0008569
78.3	0.0008569
78.4	0.0008569
78.5	0.0008569
78.6	0.0008569
78.7	0.0008569
78.8	0.0008569
78.9	0.0008569
79.	0.0008569
79.1	0.0008569
79.2	0.0008569
79.3	0.0008569
79.4	0.0008569
79.5	0.0008569
79.6	0.0008569
79.7	0.0008569
79.8	0.0008569
79.9	0.0008569
80.	0.0008569
80.1	0.0008569
80.2	0.0008569
80.3	0.0008569
80.4	0.0008569
80.5	0.0008569
80.6	0.0008569
80.7	0.0008569
80.8	0.0008569
80.9	0.0008569
81.	0.0008569
81.1	0.0008569
81.2	0.0008569
81.3	0.0008569
81.4	0.0008569
81.5	0.0008569
81.6	0.0008569
81.7	0.0008569
81.8	0.0008569
81.9	0.0008569
82.	0.0008569
82.1	0.0008569
82.2	0.0008569
82.3	0.0008569
82.4	0.0008569
82.5	0.0008569
82.6	0.0008569
82.7	0.0008569
82.8	0.0008569
82.9	0.0008569
83.	0.0008569
83.1	0.0008569
83.2	0.0008569
83.3	0.0008569
83.4	0.0008569
83.5	0.0008569
83.6	0.0008569
83.7	0.0008569
83.8	0.0008569
83.9	0.0008569
84.	0.0008569
84.1	0.0008569
84.2	0.0008569
84.3	0.0008569
84.4	0.0008569
84.5	0.0008569
84.6	0.0008569
84.7	0.0008569
84.8	0.0008569
84.9	0.0008569
85.	0.0008569
85.1	0.0008569
85.2	0.0008569
85.3	0.0008569
85.4	0.0008569
85.5	0.0008569
85.6	0.0008569
85.7	0.0008569
85.8	0.0008569
85.9	0.0008569
86.	0.0008569
86.1	0.0008569
86.2	0.0008569
86.3	0.0008569
86.4	0.0008569
86.5	0.0008569
86.6	0.0008569
86.7	0.0008569
86.8	0.0008569
86.9	0.0008569
87.	0.0008569
87.1	0.0008569
87.2	0.0008569
87.3	0.0008569
87.4	0.0008569
87.5	0.0008569
87.6	0.0008569
87.7	0.0008569
87.8	0.0008569
87.9	0.0008569
88.	0.0008569
88.1	0.0008569
88.2	0.0008569
88.3	0.0008569
88.4	0.0008569
88.5	0.0008569
88.6	0.0008569
88.7	0.0008569
88.8	0.0008569
88.9	0.0008569
89.	0.0008569
89.1	0.0008569
89.2	0.0008569
89.3	0.0008569
89.4	0.0008569
89.5	0.0008569
89.6	0.0008569
89.7	0.0008569
89.8	0.0008569
89.9	0.0008569
90.	0.0008569
90.1	0.0008569
90.2	0.0008569
90.3	0.0008569
90.4	0.0008569
90.5	0.0008569
90.6	0.0008569
90.7	0.0008569
90.8	0.0008569
90.9	0.0008569
91.	0.0008569
91.1	0.0008569
91.2	0.0008569
91.3	0.0008569
91.4	0.0008569
91.5	0.0008569
91.6	0.0008569
91.7	0.0008569
91.8	0.0008569
91.9	0.0008569
92.	0.0008569
92.1	0.0008569
92.2	0.0008569
92.3	0.0008569
92.4	0.0008569
92.5	0.0008569
92.6	0.0008569
92.7	0.0008569
92.8	0.0008569
92.9	0.0008569
93.	0.0008569
93.1	0.0008569
93.2	0.0008569
93.3	0.0008569
93.4	0.0008569
93.5	0.0008569
93.6	0.0008569
93.7	0.0008569
93.8	0.0008569
93.9	0.0008569
94.	0.0008569
94.1	0.0008569
94.2	0.0008569
94.3	0.0008569
94.4	0.0008569
94.5	0.0008569
94.6	0.0008569
94.7	0.0008569
94.8	0.0008569
94.9	0.0008569
95.	0.0008569
95.1	0.0008569
95.2	0.0008569
95.3	0.0008569
95.4	0.0008569
95.5	0.0008569
95.6	0.0008569
95.7	0.0008569
95.8	0.0008569
95.9	0.0008569
96.	0.0008569
96.1	0.0008569
96.2	0.0008569
96.3	0.0008569
96.4	0.0008569
96.5	0.0008569
96.6	0.0008569
96.7	0.0008569
96.8	0.0008569
96.9	0.0008569
97.	0.0008569
97.1	0.0008569
97.2	0.0008569
97.3	0.0008569
97.4	0.0008569
97.5	0.0008569
97.6	0.0008569
97.7	0.0008569
97.8	0.0008569
97.9	0.0008569
98.	0.0008569
98.1	0.0008569
98.2	0.0008569
98.3	0.0008569
98.4	0.0008569
98.5	0.0008569
98.6	0.0008569
98.7	0.0008569
98.8	0.0008569
98.9	0.0008569
99.	0.0008569
99.1	0.0008569
99.2	0.0008569
99.3	0.0008569
99.4	0.0008569
99.5	0.0008569
99.6	0.0008569
99.7	0.0008569
99.8	0.0008569
99.9	0.0008569
100.	0.0008569
105.	0.0008569
110.	0.0008569
115.	0.0008569
120.	0.0008569
125.	0.0008569
130.	0.0008569
135.	0.0008569
140.	0.0008569
145.	0.0008569
150.	0.0008569
155.	0.0008569
160.	0.0008569
165.	0.0008569
170.	0.0008569
175.	0.0008569
180.	0.0008569
185.	0.0008569
190.	0.0008569
195.	0.0008569
200.	0.0008569
205.	0.0008569
210.	0.0008569
215.	0.0008569
220.	0.0008569
225.	0.0008569
230.	0.0008569
235.	0.0008569
240.	0.0008569
245.	0.0008569
250.	0.0008569
255.	0.0008569
260.	0.0008569
265.	0.0008569
270.	0.0008569
275.	0.0008569
280.	0.0008569
285.	0.0008569
290.	0.0008569
295.	0.0008569
300.	0.0008569
305.	0.0008569
310.	0.0008569
315.	0.0008569
320.	0.0008569
325.	0.0008569
330.	0.0008569
335.	0.0008569
340.	0.0008569
345.	0.0008569
350.	0.0008569
355.	0.0008569
360.	0.0008569
365.	0.0008569
370.	0.0008569
375.	0.0008569
380.	0.0008569
385.	0.0008569
390.	0.0008569
395.	0.0008569
400.	0.0008569
405.	0.0008569
410.	0.0008569
415.	0.0008569
420.	0.0008569
425.	0.0008569
430.	0.0008569
435.	0.0008569
440.	0.0008569
445.	0.0008569
450.	0.0008569
455.	0.0008569
460.	0.0008569
465.	0.0008569
470.	0.0008569
475.	0.0008569
480.	0.0008569
485.	0.0008569
490.	0.0008569
495.	0.0008569
500.	0.0008569
550.	0.0008569
600.	0.0008569
650.	0.0008569
700.	0.0008569
750.	0.0008569
800.	0.0008569
850.	0.0008569
900.	0.0008569
950.	0.0008569
1000.	0.0008569
1050.	0.0008569
1100.	0.0008569
1150.	0.0008569
1200.	0.0008569
1250.	0.0008569
1300.	0.0008569
1350.	0.0008569
1400.	0.0008569
1450.	0.0008569
1500.	0.0008569
1550.	0.0008569
1600.	0.0008569
1650.	0.0008569
1700.	0.0008569
1750.	0.0008569
1800.	0.0008569
1850.	0.0008569
1900.	0.0008569
1950.	0.0008569
2000.	0.0008569
2050.	0.0008569
2100.	0.0008569
2150.	0.0008569
2200.	0.0008569
2250.	0.0008569
2300.	0.0008569
2350.	0.0008569
2400.	0.0008569
2450.	0.0008569
2500.	0.0008569
2550.	0.0008569
2600.	0.0008569
2650.	0.0008569
2700.	0.0008569
2750.	0.0008569
2800.	0.0008569
2850.	0.0008569
2900.	0.0008569
2950.	0.0008569
3000.	0.0008569
3050.	0.0008569
3100.	0.0008569
3150.	0.0008569
3200.	0.0008569
3250.	0.0008569
3300.	0.0008569
3350.	0.0008569
3400.	0.0008569
3450.	0.0008569
3500.	0.0008569
3550.	0.0008569
3600.	0.0008569
3650.	0.0008569
3700.	0.0008569
3750.	0.0008569
3800.	0.0008569
3850.	0.0008569
3900.	0.0008569
3950.	0.0008569
4000.	0.0008569
4050.	0.0008569
4100.	0.0008569
4150.	0.0008569
4200.	0.0008569
4250.	0.0008569
4300.	0.0008569
4350.	0.0008569
4400.	0.0008569
4450.	0.0008569
4500.	0.0008569
4550.	0.0008569
4600.	0.0008569
4650.	0.0008569
4700.	0.0008569
4750.	0.0008569
4800.	0.0008569
4850.	0.0008569
4900.	0.0008569
4950.	0.0008569
5000.	0.0008569
5500.	0.0008569
6000.	0.0008569
6500.	0.0008569
7000.	0.0008569
7500.	0.0008569
8000.	0.0008569
8500.	0.0008569
9000.	0.0008569
9500.	0.0008569
10000.	0.0008569
20000.	0.0008569
30000.	0.0008569
40000.	0.0008569
50000.	0.0008569
60000.	0.0008569
70000.	0.0008569
80000.	0.0008569
90000.	0.0008569
100000.	0.0008569
