5.3	0.001170945576927928
5.4	0.001147545147486685
5.5	0.0011250275471069437
5.6	0.0011033183979530306
5.7	0.001082343322189272
5.8	0.0010620279419799946
5.9	0.0010423803455898307
6.	0.0010233218840780681
6.1	0.0010045811166544591
6.2	0.0009859998667991407
6.3	0.000967267674555329
6.4	0.0009485872082337076
6.5	0.0009302069842377616
6.6	0.0009121541342256586
6.7	0.0008944339309877675
6.8	0.0008770988670723174
6.9	0.0008602027276664056
7.	0.0008437828855873942
7.1	0.0008278825003025572
7.2	0.0008125265262712363
7.3	0.0007977444764421099
7.4	0.0007835507293098921
7.5	0.0007699614689232261
7.6	0.000756983261914265
7.7	0.0007446220274279367
7.8	0.0007328781597537344
7.9	0.0007217503637771564
8.	0.0007112351158906259
8.1	0.0007013263019355158
8.2	0.0006920170177615047
8.3	0.000683298158613973
8.4	0.0006751609400520865
8.5	0.0006675940656847317
8.6	0.0006605860869635428
8.7	0.0006541270968215913
8.8	0.0006482076939927928
8.9	0.0006428134530799609
9.	0.0006379311530395888
9.1	0.0006335484791628744
9.2	0.0006296528946757216
9.3	0.0006262320463536171
9.4	0.0006232733409944794
9.5	0.0006207640469620431
9.6	0.00061869082213143
9.7	0.0006170396907192768
9.8	0.0006157967851876319
9.9	0.0006149484824968934
10.	0.0006144800993550268
10.1	0.0006143770590564566
10.2	0.0006146238472280066
10.3	0.0006152055173754502
10.4	0.0006161050197880338
10.5	0.0006173059524741254
10.6	0.0006187906430969285
10.7	0.0006205418247404002
10.8	0.0006225388149786196
10.9	0.0006247618466594389
11.	0.0006271916628198861
11.1	0.0006298080686809606
11.2	0.0006325891027149626
11.3	0.0006355133601086771
11.4	0.000638560178782905
11.5	0.0006417092702950397
11.6	0.0006449396714740021
11.7	0.0006482306337066357
11.8	0.0006515614083797841
11.9	0.0006549080973368125
12.	0.000658267376408482
12.1	0.0006616270343257004
12.2	0.0006649739164920537
12.3	0.0006682899083491768
12.4	0.0006715442865045024
12.5	0.0006747557159168358
12.6	0.0006779189977286478
12.7	0.0006810289330824094
12.8	0.0006840705742933505
12.9	0.0006870389449179513
13.	0.000689946978409829
13.1	0.0006927954377564817
13.2	0.0006955850859454077
13.3	0.0006983087283807739
13.4	0.0007009741059193356
13.5	0.0007035881963142259
13.6	0.0007061548076379348
13.7	0.0007086777479629519
13.8	0.0007111592783436505
13.9	0.0007136051806956856
14.	0.0007160197088707353
14.1	0.000718407108366322
14.2	0.0007207725878231999
14.3	0.000723121713048094
14.4	0.0007254552261578989
14.5	0.0007277764124931965
14.6	0.0007300885573945679
14.7	0.0007323972138047072
14.8	0.0007347046732410751
14.9	0.0007370111983008404
15.	0.0007393189432135587
15.1	0.0007416300622087859
15.2	0.0007439516705478001
15.3	0.0007462806929822024
15.4	0.0007486165036379756
15.5	0.0007509595834833177
15.6	0.0007533109735793177
15.7	0.0007556754355882762
15.8	0.0007580469157851418
15.9	0.0007604243518644804
16.	0.0007628066815208575
16.1	0.0007651951276121356
16.2	0.0007675895171661346
16.3	0.0007699833391955068
16.4	0.0007723738753834769
16.5	0.0007747584074132699
16.6	0.0007771361557380967
16.7	0.0007795029949804276
16.8	0.0007818543253461733
16.9	0.0007841866099692809
17.	0.0007864963119836981
17.1	0.0007887809192620045
17.2	0.0007910356705452006
17.3	0.0007932566323799236
17.4	0.0007954399581096547
17.5	0.0007975816297328946
17.6	0.0007996773525800421
17.7	0.0008017241758254503
17.8	0.0008037184831401931
17.9	0.0008056566581953446
18.	0.0008075343041083622
18.1	0.0008093479397967385
18.2	0.0008110952515460058
18.3	0.0008127730683479946
18.4	0.0008143782191945349
18.5	0.0008158907748329684
18.6	0.000817323281432944
18.7	0.000818684379879497
18.8	0.0008199770478929554
18.9	0.000821203746240218
19.	0.0008223480315756064
19.1	0.0008234314355688337
19.2	0.0008244594645198755
19.3	0.0008254376247287075
19.4	0.0008263714224953052
19.5	0.0008272663641196446
19.6	0.0008281279559017011
19.7	0.0008289617041414504
19.8	0.0008297731151388682
19.9	0.0008306078272351181
20.	0.0008314577671628089
20.1	0.0008322945037615033
20.2	0.0008331188656509644
20.3	0.0008339316814509552
20.4	0.0008347337797812388
20.5	0.0008355259892615783
20.6	0.0008363091385117368
20.7	0.0008370840561514774
20.8	0.0008378584020996097
20.9	0.0008386709962197939
21.	0.0008394738569378957
21.1	0.0008402642844199606
21.2	0.0008410395788320341
21.3	0.0008417970403401617
21.4	0.0008425339691103889
21.5	0.0008432476653087611
21.6	0.000843935429101324
21.7	0.000844594560654123
21.8	0.0008451797441537
21.9	0.0008457137777987042
22.	0.0008462181832952782
22.1	0.0008466944853385233
22.2	0.0008471442086235413
22.3	0.0008475688778454335
22.4	0.0008479700176993016
22.5	0.0008483491528802471
22.6	0.0008487078080833715
22.7	0.000849050098614905
22.8	0.0008493832668074625
22.9	0.0008496996068200084
23.	0.000849999895272805
23.1	0.0008502849087861147
23.2	0.0008505554239801997
23.3	0.0008508122174753226
23.4	0.0008510560658917456
23.5	0.0008512877458497311
23.6	0.0008515080339695413
23.7	0.0008517217130347706
23.8	0.0008519263915607078
23.9	0.000852121391307934
24.	0.0008523071432047696
24.1	0.0008524840781795349
24.2	0.0008526526271605503
24.3	0.0008528132210761361
24.4	0.0008529662908546128
24.5	0.0008531122674243005
24.6	0.0008532524642192776
24.7	0.0008533881107975918
24.8	0.0008535177206252015
24.9	0.0008536415476889141
25.	0.0008537598459755371
25.1	0.0008538728694718775
25.2	0.000853980872164743
25.3	0.000854084108040941
25.4	0.0008541828310872784
25.5	0.0008542772952905631
25.6	0.0008543690336803526
25.7	0.0008544570988597359
25.8	0.0008545414826577833
25.9	0.0008546223412873024
26.	0.0008546998309611007
26.1	0.0008547741078919858
26.2	0.0008548453282927653
26.3	0.0008549136483762467
26.4	0.0008549792243552375
26.5	0.0008550425244348526
26.6	0.0008551037710006002
26.7	0.0008551626731511382
26.8	0.000855219339163383
26.9	0.0008552738773142512
27.	0.0008553263958806596
27.1	0.0008553770031395247
27.2	0.0008554258073677632
27.3	0.0008554729168422917
27.4	0.0008555184398400267
27.5	0.0008555638174475791
27.6	0.0008556077485456982
27.7	0.0008556502359227756
27.8	0.0008556912963484119
27.9	0.0008557309465922073
28.	0.0008557692034237626
28.1	0.000855806083612678
28.2	0.0008558416039285542
28.3	0.0008558757811409914
28.4	0.0008559078903373959
28.5	0.0008559379761047899
28.6	0.0008559666969402358
28.7	0.0008559941144625271
28.8	0.0008560202902904573
28.9	0.0008560452860428198
29.	0.000856069163338408
29.1	0.0008560919837960154
29.2	0.0008561138090344354
29.3	0.0008561347006724614
29.4	0.000856154720328887
29.5	0.0008561739296225054
29.6	0.0008561923901721102
29.7	0.0008562101635964948
29.8	0.0008562273115144527
29.9	0.0008562438955447771
30.	0.0008562599773062618
30.1	0.0008562756184177001
30.2	0.0008562908804978852
30.3	0.0008563084766120685
30.4	0.000856327240233243
30.5	0.0008563456958062903
30.6	0.0008563638356773662
30.7	0.0008563816521926269
30.8	0.0008563991376982278
30.9	0.0008564162845403251
31.	0.0008564330850650744
31.1	0.0008564495316186318
31.2	0.000856465616547153
31.3	0.0008564813321967938
31.4	0.0008564966709137103
31.5	0.0008565116250440581
31.6	0.0008565261869339932
31.7	0.0008565403489296713
31.8	0.0008565541033772485
31.9	0.0008565674426228805
32.	0.0008565803590127232
32.1	0.0008565928448929325
32.2	0.0008566038833869357
32.3	0.000856614150004597
32.4	0.0008566240028821843
32.5	0.0008566334571137665
32.6	0.000856642527793412
32.7	0.0008566512300151893
32.8	0.0008566595788731673
32.9	0.0008566675894614144
33.	0.0008566752768739992
33.1	0.0008566826562049905
33.2	0.0008566897425484566
33.3	0.0008566965509984665
33.4	0.0008567030966490885
33.5	0.0008567093945943912
33.6	0.0008567154599284434
33.7	0.0008567213077453137
33.8	0.0008567269531390705
33.9	0.0008567324112037825
34.	0.0008567376970335185
34.1	0.0008567432751741438
34.2	0.0008567487835945399
34.3	0.0008567541485860429
34.4	0.0008567593763334438
34.5	0.0008567644730215336
34.6	0.0008567694448351034
34.7	0.0008567742979589442
34.8	0.0008567790385778471
34.9	0.000856783672876603
35.	0.000856788207040003
35.1	0.0008567926472528383
35.2	0.0008567969996998997
35.3	0.0008568012705659785
35.4	0.0008568054660358656
35.5	0.000856809592294352
35.6	0.0008568136555262287
35.7	0.0008568176619162869
35.8	0.0008568216176493176
35.9	0.0008568255289101117
36.	0.0008568294018834605
36.1	0.0008568332427541548
36.2	0.0008568370577069857
36.3	0.0008568408529267444
36.4	0.0008568446345982218
36.5	0.0008568484089062089
36.6	0.0008568521820354969
36.7	0.0008568559601708766
36.8	0.0008568597494971393
36.9	0.000856863556199076
37.	0.0008568673864614775
37.1	0.0008568712464691351
37.2	0.0008568751424068398
37.3	0.0008568790804593825
37.4	0.0008568830668115545
37.5	0.0008568871076481466
37.6	0.0008568912091539498
37.7	0.0008568953775137554
37.8	0.0008569
37.9	0.0008569
38.	0.0008569
38.1	0.0008569
38.2	0.0008569
38.3	0.0008569
38.4	0.0008569
38.5	0.0008569
38.6	0.0008569
38.7	0.0008569
38.8	0.0008569
38.9	0.0008569
39.	0.0008569
39.1	0.0008569
39.2	0.0008569
39.3	0.0008569
39.4	0.0008569
39.5	0.0008569
39.6	0.0008569
39.7	0.0008569
39.8	0.0008569
39.9	0.0008569
40.	0.0008569
40.1	0.0008569
40.2	0.0008569
40.3	0.0008569
40.4	0.0008569
40.5	0.0008569
40.6	0.0008569
40.7	0.0008569
40.8	0.0008569
40.9	0.0008569
41.	0.0008569
41.1	0.0008569
41.2	0.0008569
41.3	0.0008569
41.4	0.0008569
41.5	0.0008569
41.6	0.0008569
41.7	0.0008569
41.8	0.0008569
41.9	0.0008569
42.	0.0008569
42.1	0.0008569
42.2	0.0008569
42.3	0.0008569
42.4	0.0008569
42.5	0.0008569
42.6	0.0008569
42.7	0.0008569
42.8	0.0008569
42.9	0.0008569
43.	0.0008569
43.1	0.0008569
43.2	0.0008569
43.3	0.0008569
43.4	0.0008569
43.5	0.0008569
43.6	0.0008569
43.7	0.0008569
43.8	0.0008569
43.9	0.0008569
44.	0.0008569
44.1	0.0008569
44.2	0.0008569
44.3	0.0008569
44.4	0.0008569
44.5	0.0008569
44.6	0.0008569
44.7	0.0008569
44.8	0.0008569
44.9	0.0008569
45.	0.0008569
45.1	0.0008569
45.2	0.0008569
45.3	0.0008569
45.4	0.0008569
45.5	0.0008569
45.6	0.0008569
45.7	0.0008569
45.8	0.0008569
45.9	0.0008569
46.	0.0008569
46.1	0.0008569
46.2	0.0008569
46.3	0.0008569
46.4	0.0008569
46.5	0.0008569
46.6	0.0008569
46.7	0.0008569
46.8	0.0008569
46.9	0.0008569
47.	0.0008569
47.1	0.0008569
47.2	0.0008569
47.3	0.0008569
47.4	0.0008569
47.5	0.0008569
47.6	0.0008569
47.7	0.0008569
47.8	0.0008569
47.9	0.0008569
48.	0.0008569
48.1	0.0008569
48.2	0.0008569
48.3	0.0008569
48.4	0.0008569
48.5	0.0008569
48.6	0.0008569
48.7	0.0008569
48.8	0.0008569
48.9	0.0008569
49.	0.0008569
49.1	0.0008569
49.2	0.0008569
49.3	0.0008569
49.4	0.0008569
49.5	0.0008569
49.6	0.0008569
49.7	0.0008569
49.8	0.0008569
49.9	0.0008569
50.	0.0008569
50.1	0.0008569
50.2	0.0008569
50.3	0.0008569
50.4	0.0008569
50.5	0.0008569
50.6	0.0008569
50.7	0.0008569
50.8	0.0008569
50.9	0.0008569
51.	0.0008569
51.1	0.0008569
51.2	0.0008569
51.3	0.0008569
51.4	0.0008569
51.5	0.0008569
51.6	0.0008569
51.7	0.0008569
51.8	0.0008569
51.9	0.0008569
52.	0.0008569
52.1	0.0008569
52.2	0.0008569
52.3	0.0008569
52.4	0.0008569
52.5	0.0008569
52.6	0.0008569
52.7	0.0008569
52.8	0.0008569
52.9	0.0008569
53.	0.0008569
53.1	0.0008569
53.2	0.0008569
53.3	0.0008569
53.4	0.0008569
53.5	0.0008569
53.6	0.0008569
53.7	0.0008569
53.8	0.0008569
53.9	0.0008569
54.	0.0008569
54.1	0.0008569
54.2	0.0008569
54.3	0.0008569
54.4	0.0008569
54.5	0.0008569
54.6	0.0008569
54.7	0.0008569
54.8	0.0008569
54.9	0.0008569
55.	0.0008569
55.1	0.0008569
55.2	0.0008569
55.3	0.0008569
55.4	0.0008569
55.5	0.0008569
55.6	0.0008569
55.7	0.0008569
55.8	0.0008569
55.9	0.0008569
56.	0.0008569
56.1	0.0008569
56.2	0.0008569
56.3	0.0008569
56.4	0.0008569
56.5	0.0008569
56.6	0.0008569
56.7	0.0008569
56.8	0.0008569
56.9	0.0008569
57.	0.0008569
57.1	0.0008569
57.2	0.0008569
57.3	0.0008569
57.4	0.0008569
57.5	0.0008569
57.6	0.0008569
57.7	0.0008569
57.8	0.0008569
57.9	0.0008569
58.	0.0008569
58.1	0.0008569
58.2	0.0008569
58.3	0.0008569
58.4	0.0008569
58.5	0.0008569
58.6	0.0008569
58.7	0.0008569
58.8	0.0008569
58.9	0.0008569
59.	0.0008569
59.1	0.0008569
59.2	0.0008569
59.3	0.0008569
59.4	0.0008569
59.5	0.0008569
59.6	0.0008569
59.7	0.0008569
59.8	0.0008569
59.9	0.0008569
60.	0.0008569
60.1	0.0008569
60.2	0.0008569
60.3	0.0008569
60.4	0.0008569
60.5	0.0008569
60.6	0.0008569
60.7	0.0008569
60.8	0.0008569
60.9	0.0008569
61.	0.0008569
61.1	0.0008569
61.2	0.0008569
61.3	0.0008569
61.4	0.0008569
61.5	0.0008569
61.6	0.0008569
61.7	0.0008569
61.8	0.0008569
61.9	0.0008569
62.	0.0008569
62.1	0.0008569
62.2	0.0008569
62.3	0.0008569
62.4	0.0008569
62.5	0.0008569
62.6	0.0008569
62.7	0.0008569
62.8	0.0008569
62.9	0.0008569
63.	0.0008569
63.1	0.0008569
63.2	0.0008569
63.3	0.0008569
63.4	0.0008569
63.5	0.0008569
63.6	0.0008569
63.7	0.0008569
63.8	0.0008569
63.9	0.0008569
64.	0.0008569
64.1	0.0008569
64.2	0.0008569
64.3	0.0008569
64.4	0.0008569
64.5	0.0008569
64.6	0.0008569
64.7	0.0008569
64.8	0.0008569
64.9	0.0008569
65.	0.0008569
65.1	0.0008569
65.2	0.0008569
65.3	0.0008569
65.4	0.0008569
65.5	0.0008569
65.6	0.0008569
65.7	0.0008569
65.8	0.0008569
65.9	0.0008569
66.	0.0008569
66.1	0.0008569
66.2	0.0008569
66.3	0.0008569
66.4	0.0008569
66.5	0.0008569
66.6	0.0008569
66.7	0.0008569
66.8	0.0008569
66.9	0.0008569
67.	0.0008569
67.1	0.0008569
67.2	0.0008569
67.3	0.0008569
67.4	0.0008569
67.5	0.0008569
67.6	0.0008569
67.7	0.0008569
67.8	0.0008569
67.9	0.0008569
68.	0.0008569
68.1	0.0008569
68.2	0.0008569
68.3	0.0008569
68.4	0.0008569
68.5	0.0008569
68.6	0.0008569
68.7	0.0008569
68.8	0.0008569
68.9	0.0008569
69.	0.0008569
69.1	0.0008569
69.2	0.0008569
69.3	0.0008569
69.4	0.0008569
69.5	0.0008569
69.6	0.0008569
69.7	0.0008569
69.8	0.0008569
69.9	0.0008569
70.	0.0008569
70.1	0.0008569
70.2	0.0008569
70.3	0.0008569
70.4	0.0008569
70.5	0.0008569
70.6	0.0008569
70.7	0.0008569
70.8	0.0008569
70.9	0.0008569
71.	0.0008569
71.1	0.0008569
71.2	0.0008569
71.3	0.0008569
71.4	0.0008569
71.5	0.0008569
71.6	0.0008569
71.7	0.0008569
71.8	0.0008569
71.9	0.0008569
72.	0.0008569
72.1	0.0008569
72.2	0.0008569
72.3	0.0008569
72.4	0.0008569
72.5	0.0008569
72.6	0.0008569
72.7	0.0008569
72.8	0.0008569
72.9	0.0008569
73.	0.0008569
73.1	0.0008569
73.2	0.0008569
73.3	0.0008569
73.4	0.0008569
73.5	0.0008569
73.6	0.0008569
73.7	0.0008569
73.8	0.0008569
73.9	0.0008569
74.	0.0008569
74.1	0.0008569
74.2	0.0008569
74.3	0.0008569
74.4	0.0008569
74.5	0.0008569
74.6	0.0008569
74.7	0.0008569
74.8	0.0008569
74.9	0.0008569
75.	0.0008569
75.1	0.0008569
75.2	0.0008569
75.3	0.0008569
75.4	0.0008569
75.5	0.0008569
75.6	0.0008569
75.7	0.0008569
75.8	0.0008569
75.9	0.0008569
76.	0.0008569
76.1	0.0008569
76.2	0.0008569
76.3	0.0008569
76.4	0.0008569
76.5	0.0008569
76.6	0.0008569
76.7	0.0008569
76.8	0.0008569
76.9	0.0008569
77.	0.0008569
77.1	0.0008569
77.2	0.0008569
77.3	0.0008569
77.4	0.0008569
77.5	0.0008569
77.6	0.0008569
77.7	0.0008569
77.8	0.0008569
77.9	0.0008569
78.	0.0008569
78.1	0.0008569
78.2	0.0008569
78.3	0.0008569
78.4	0.0008569
78.5	0.0008569
78.6	0.0008569
78.7	0.0008569
78.8	0.0008569
78.9	0.0008569
79.	0.0008569
79.1	0.0008569
79.2	0.0008569
79.3	0.0008569
79.4	0.0008569
79.5	0.0008569
79.6	0.0008569
79.7	0.0008569
79.8	0.0008569
79.9	0.0008569
80.	0.0008569
80.1	0.0008569
80.2	0.0008569
80.3	0.0008569
80.4	0.0008569
80.5	0.0008569
80.6	0.0008569
80.7	0.0008569
80.8	0.0008569
80.9	0.0008569
81.	0.0008569
81.1	0.0008569
81.2	0.0008569
81.3	0.0008569
81.4	0.0008569
81.5	0.0008569
81.6	0.0008569
81.7	0.0008569
81.8	0.0008569
81.9	0.0008569
82.	0.0008569
82.1	0.0008569
82.2	0.0008569
82.3	0.0008569
82.4	0.0008569
82.5	0.0008569
82.6	0.0008569
82.7	0.0008569
82.8	0.0008569
82.9	0.0008569
83.	0.0008569
83.1	0.0008569
83.2	0.0008569
83.3	0.0008569
83.4	0.0008569
83.5	0.0008569
83.6	0.0008569
83.7	0.0008569
83.8	0.0008569
83.9	0.0008569
84.	0.0008569
84.1	0.0008569
84.2	0.0008569
84.3	0.0008569
84.4	0.0008569
84.5	0.0008569
84.6	0.0008569
84.7	0.0008569
84.8	0.0008569
84.9	0.0008569
85.	0.0008569
85.1	0.0008569
85.2	0.0008569
85.3	0.0008569
85.4	0.0008569
85.5	0.0008569
85.6	0.0008569
85.7	0.0008569
85.8	0.0008569
85.9	0.0008569
86.	0.0008569
86.1	0.0008569
86.2	0.0008569
86.3	0.0008569
86.4	0.0008569
86.5	0.0008569
86.6	0.0008569
86.7	0.0008569
86.8	0.0008569
86.9	0.0008569
87.	0.0008569
87.1	0.0008569
87.2	0.0008569
87.3	0.0008569
87.4	0.0008569
87.5	0.0008569
87.6	0.0008569
87.7	0.0008569
87.8	0.0008569
87.9	0.0008569
88.	0.0008569
88.1	0.0008569
88.2	0.0008569
88.3	0.0008569
88.4	0.0008569
88.5	0.0008569
88.6	0.0008569
88.7	0.0008569
88.8	0.0008569
88.9	0.0008569
89.	0.0008569
89.1	0.0008569
89.2	0.0008569
89.3	0.0008569
89.4	0.0008569
89.5	0.0008569
89.6	0.0008569
89.7	0.0008569
89.8	0.0008569
89.9	0.0008569
90.	0.0008569
90.1	0.0008569
90.2	0.0008569
90.3	0.0008569
90.4	0.0008569
90.5	0.0008569
90.6	0.0008569
90.7	0.0008569
90.8	0.0008569
90.9	0.0008569
91.	0.0008569
91.1	0.0008569
91.2	0.0008569
91.3	0.0008569
91.4	0.0008569
91.5	0.0008569
91.6	0.0008569
91.7	0.0008569
91.8	0.0008569
91.9	0.0008569
92.	0.0008569
92.1	0.0008569
92.2	0.0008569
92.3	0.0008569
92.4	0.0008569
92.5	0.0008569
92.6	0.0008569
92.7	0.0008569
92.8	0.0008569
92.9	0.0008569
93.	0.0008569
93.1	0.0008569
93.2	0.0008569
93.3	0.0008569
93.4	0.0008569
93.5	0.0008569
93.6	0.0008569
93.7	0.0008569
93.8	0.0008569
93.9	0.0008569
94.	0.0008569
94.1	0.0008569
94.2	0.0008569
94.3	0.0008569
94.4	0.0008569
94.5	0.0008569
94.6	0.0008569
94.7	0.0008569
94.8	0.0008569
94.9	0.0008569
95.	0.0008569
95.1	0.0008569
95.2	0.0008569
95.3	0.0008569
95.4	0.0008569
95.5	0.0008569
95.6	0.0008569
95.7	0.0008569
95.8	0.0008569
95.9	0.0008569
96.	0.0008569
96.1	0.0008569
96.2	0.0008569
96.3	0.0008569
96.4	0.0008569
96.5	0.0008569
96.6	0.0008569
96.7	0.0008569
96.8	0.0008569
96.9	0.0008569
97.	0.0008569
97.1	0.0008569
97.2	0.0008569
97.3	0.0008569
97.4	0.0008569
97.5	0.0008569
97.6	0.0008569
97.7	0.0008569
97.8	0.0008569
97.9	0.0008569
98.	0.0008569
98.1	0.0008569
98.2	0.0008569
98.3	0.0008569
98.4	0.0008569
98.5	0.0008569
98.6	0.0008569
98.7	0.0008569
98.8	0.0008569
98.9	0.0008569
99.	0.0008569
99.1	0.0008569
99.2	0.0008569
99.3	0.0008569
99.4	0.0008569
99.5	0.0008569
99.6	0.0008569
99.7	0.0008569
99.8	0.0008569
99.9	0.0008569
100.	0.0008569
105.	0.0008569
110.	0.0008569
115.	0.0008569
120.	0.0008569
125.	0.0008569
130.	0.0008569
135.	0.0008569
140.	0.0008569
145.	0.0008569
150.	0.0008569
155.	0.0008569
160.	0.0008569
165.	0.0008569
170.	0.0008569
175.	0.0008569
180.	0.0008569
185.	0.0008569
190.	0.0008569
195.	0.0008569
200.	0.0008569
205.	0.0008569
210.	0.0008569
215.	0.0008569
220.	0.0008569
225.	0.0008569
230.	0.0008569
235.	0.0008569
240.	0.0008569
245.	0.0008569
250.	0.0008569
255.	0.0008569
260.	0.0008569
265.	0.0008569
270.	0.0008569
275.	0.0008569
280.	0.0008569
285.	0.0008569
290.	0.0008569
295.	0.0008569
300.	0.0008569
305.	0.0008569
310.	0.0008569
315.	0.0008569
320.	0.0008569
325.	0.0008569
330.	0.0008569
335.	0.0008569
340.	0.0008569
345.	0.0008569
350.	0.0008569
355.	0.0008569
360.	0.0008569
365.	0.0008569
370.	0.0008569
375.	0.0008569
380.	0.0008569
385.	0.0008569
390.	0.0008569
395.	0.0008569
400.	0.0008569
405.	0.0008569
410.	0.0008569
415.	0.0008569
420.	0.0008569
425.	0.0008569
430.	0.0008569
435.	0.0008569
440.	0.0008569
445.	0.0008569
450.	0.0008569
455.	0.0008569
460.	0.0008569
465.	0.0008569
470.	0.0008569
475.	0.0008569
480.	0.0008569
485.	0.0008569
490.	0.0008569
495.	0.0008569
500.	0.0008569
550.	0.0008569
600.	0.0008569
650.	0.0008569
700.	0.0008569
750.	0.0008569
800.	0.0008569
850.	0.0008569
900.	0.0008569
950.	0.0008569
1000.	0.0008569
1050.	0.0008569
1100.	0.0008569
1150.	0.0008569
1200.	0.0008569
1250.	0.0008569
1300.	0.0008569
1350.	0.0008569
1400.	0.0008569
1450.	0.0008569
1500.	0.0008569
1550.	0.0008569
1600.	0.0008569
1650.	0.0008569
1700.	0.0008569
1750.	0.0008569
1800.	0.0008569
1850.	0.0008569
1900.	0.0008569
1950.	0.0008569
2000.	0.0008569
2050.	0.0008569
2100.	0.0008569
2150.	0.0008569
2200.	0.0008569
2250.	0.0008569
2300.	0.0008569
2350.	0.0008569
2400.	0.0008569
2450.	0.0008569
2500.	0.0008569
2550.	0.0008569
2600.	0.0008569
2650.	0.0008569
2700.	0.0008569
2750.	0.0008569
2800.	0.0008569
2850.	0.0008569
2900.	0.0008569
2950.	0.0008569
3000.	0.0008569
3050.	0.0008569
3100.	0.0008569
3150.	0.0008569
3200.	0.0008569
3250.	0.0008569
3300.	0.0008569
3350.	0.0008569
3400.	0.0008569
3450.	0.0008569
3500.	0.0008569
3550.	0.0008569
3600.	0.0008569
3650.	0.0008569
3700.	0.0008569
3750.	0.0008569
3800.	0.0008569
3850.	0.0008569
3900.	0.0008569
3950.	0.0008569
4000.	0.0008569
4050.	0.0008569
4100.	0.0008569
4150.	0.0008569
4200.	0.0008569
4250.	0.0008569
4300.	0.0008569
4350.	0.0008569
4400.	0.0008569
4450.	0.0008569
4500.	0.0008569
4550.	0.0008569
4600.	0.0008569
4650.	0.0008569
4700.	0.0008569
4750.	0.0008569
4800.	0.0008569
4850.	0.0008569
4900.	0.0008569
4950.	0.0008569
5000.	0.0008569
5500.	0.0008569
6000.	0.0008569
6500.	0.0008569
7000.	0.0008569
7500.	0.0008569
8000.	0.0008569
8500.	0.0008569
9000.	0.0008569
9500.	0.0008569
10000.	0.0008569
20000.	0.0008569
30000.	0.0008569
40000.	0.0008569
50000.	0.0008569
60000.	0.0008569
70000.	0.0008569
80000.	0.0008569
90000.	0.0008569
100000.	0.0008569