4.50000	-0.24714446	-0.24476347	-0.20913586	-0.20859073	-0.20602692	-0.20541172	-0.20388009	-0.18324829	-0.18158943	-0.17774996	-0.17557398	-0.16321842	-0.16170350	-0.16133430	-0.15860948	-0.15695739	-0.15588472	-0.15562630	-0.15073932	-0.14813344	-0.14813002
4.60000	-0.25627508	-0.25392966	-0.21757949	-0.21716763	-0.21516469	-0.21455576	-0.21237027	-0.19368194	-0.19038059	-0.18601236	-0.18398269	-0.17313096	-0.17158598	-0.17109751	-0.16862673	-0.16653897	-0.16559171	-0.16522293	-0.16040180	-0.15763244	-0.15666813
4.70000	-0.26413507	-0.26175767	-0.22505921	-0.22439435	-0.22290218	-0.22236967	-0.21961791	-0.20288088	-0.19787422	-0.19289734	-0.19108971	-0.18182361	-0.18022695	-0.17954667	-0.17734009	-0.17487119	-0.17403069	-0.17358939	-0.16892582	-0.16601073	-0.16532214
4.80000	-0.27094372	-0.26847189	-0.23171813	-0.23065686	-0.22949965	-0.22893502	-0.22583876	-0.21104486	-0.20430554	-0.19866442	-0.19709913	-0.18949565	-0.18782027	-0.18689572	-0.18495986	-0.18215084	-0.18140685	-0.18092194	-0.17646127	-0.17343155	-0.17292804
4.90000	-0.27687937	-0.27425188	-0.23764671	-0.23618552	-0.23528738	-0.23430392	-0.23120855	-0.21832843	-0.20987528	-0.20344469	-0.20225881	-0.19630086	-0.19452711	-0.19331659	-0.19165976	-0.18854765	-0.18788868	-0.18738176	-0.18314314	-0.18003091	-0.17965137
5.10000	-0.28668938	-0.28357932	-0.24761269	-0.24546704	-0.24476155	-0.24260434	-0.23994083	-0.23072097	-0.21903223	-0.21098891	-0.21030350	-0.20778027	-0.20578861	-0.20389878	-0.20284377	-0.19921668	-0.19869159	-0.19819176	-0.19440376	-0.19121178	-0.19096524
5.20000	-0.29078574	-0.28734690	-0.25179798	-0.24951265	-0.24849773	-0.24591086	-0.24351505	-0.23600633	-0.22285559	-0.21411291	-0.21331528	-0.21263156	-0.21054474	-0.20828117	-0.20753920	-0.20368027	-0.20321460	-0.20274109	-0.19916954	-0.19596222	-0.19575541
5.30000	-0.29445088	-0.29062860	-0.25553465	-0.25310676	-0.25182922	-0.24880020	-0.24667024	-0.24077661	-0.22629210	-0.21716682	-0.21680051	-0.21573493	-0.21481503	-0.21219834	-0.21171856	-0.20767701	-0.20725911	-0.20682431	-0.20345899	-0.20025760	-0.20007206
5.40000	-0.29774928	-0.29349059	-0.25888021	-0.25630901	-0.25482492	-0.25134554	-0.24946922	-0.24508489	-0.22940515	-0.22100493	-0.21949626	-0.21864767	-0.21772259	-0.21580195	-0.21536506	-0.21126527	-0.21088673	-0.21050253	-0.20733228	-0.20415460	-0.20397591
5.50000	-0.30073935	-0.29599126	-0.26188881	-0.25929323	-0.25742277	-0.25360313	-0.25196324	-0.24897505	-0.23224353	-0.22457381	-0.22226255	-0.22167353	-0.21938907	-0.21916947	-0.21851424	-0.21448174	-0.21414652	-0.21382565	-0.21084059	-0.20768798	-0.20751703
5.60000	-0.30345715	-0.29817355	-0.26459541	-0.26197284	-0.25979132	-0.25561972	-0.25419362	-0.25248507	-0.23484314	-0.22781615	-0.22538078	-0.22382342	-0.22229337	-0.22129968	-0.22073168	-0.21737688	-0.21707993	-0.21683533	-0.21402543	-0.21091052	-0.21073723
5.70000	-0.30593902	-0.30007695	-0.26703607	-0.26442568	-0.26192664	-0.25743164	-0.25619421	-0.25564605	-0.23723255	-0.23076491	-0.22824764	-0.22579187	-0.22510243	-0.22380578	-0.22186017	-0.21998009	-0.21971114	-0.21956488	-0.21692240	-0.21385120	-0.21367109
5.80000	-0.30821303	-0.30173088	-0.26924002	-0.26668203	-0.26385668	-0.25907123	-0.25847976	-0.25799295	-0.23943695	-0.23344939	-0.23085846	-0.22787094	-0.22739583	-0.22605764	-0.22282740	-0.22231226	-0.22212081	-0.22200599	-0.21956140	-0.21653682	-0.21634778
5.90000	-0.31030223	-0.30316539	-0.27123132	-0.26876642	-0.26560553	-0.26105715	-0.26051743	-0.25961205	-0.24147005	-0.23589591	-0.23323496	-0.23017381	-0.22913849	-0.22811167	-0.22445216	-0.22436924	-0.22421525	-0.22348246	-0.22196619	-0.21899580	-0.21879129
6.00000	-0.31222568	-0.30440130	-0.27303117	-0.27069741	-0.26719286	-0.26332350	-0.26186451	-0.26107133	-0.24335141	-0.23812654	-0.23539720	-0.23232347	-0.23073439	-0.22997815	-0.22641001	-0.22636219	-0.22608433	-0.22418817	-0.22411569	-0.22124014	-0.22102243
6.10000	-0.31399743	-0.30545642	-0.27465594	-0.27247023	-0.26865001	-0.26535089	-0.26308000	-0.26238617	-0.24509329	-0.24016067	-0.23736314	-0.23429227	-0.23224538	-0.23167572	-0.22828135	-0.22811286	-0.22773797	-0.22616687	-0.22465430	-0.22329004	-0.22305911
6.20000	-0.31563693	-0.30635470	-0.27612756	-0.27415252	-0.26994603	-0.26714454	-0.26418238	-0.26357014	-0.24670386	-0.24201483	-0.23914995	-0.23608942	-0.23368675	-0.23322214	-0.22998827	-0.22969083	-0.22920882	-0.22799029	-0.22517308	-0.22503674	-0.22491482
6.30000	-0.31714792	-0.30710194	-0.27745285	-0.27567952	-0.27114102	-0.26874314	-0.26518179	-0.26463466	-0.24819448	-0.24370393	-0.24077026	-0.23772785	-0.23504724	-0.23463147	-0.23154091	-0.23113066	-0.23052865	-0.22965529	-0.22686810	-0.22660886	-0.22533764
6.40000	-0.31854823	-0.30771967	-0.27865456	-0.27711452	-0.27221999	-0.27013405	-0.26608554	-0.26558989	-0.24957585	-0.24524056	-0.24223824	-0.23921672	-0.23632258	-0.23592472	-0.23294884	-0.23242438	-0.23170952	-0.23116312	-0.22841903	-0.22814691	-0.22556041
6.50000	-0.31984087	-0.30821211	-0.27973965	-0.27841742	-0.27320182	-0.27136479	-0.26690042	-0.26644463	-0.25085136	-0.24663653	-0.24356470	-0.24056829	-0.23750215	-0.23710780	-0.23422444	-0.23359757	-0.23277693	-0.23253024	-0.22982406	-0.22954235	-0.22583703
6.60000	-0.32103378	-0.30859042	-0.28072389	-0.27959329	-0.27406919	-0.27247135	-0.26763224	-0.26720673	-0.25203537	-0.24790266	-0.24476043	-0.24179239	-0.23858867	-0.23819204	-0.23537644	-0.23466308	-0.23381615	-0.23371676	-0.23109451	-0.23080495	-0.22707116
6.70000	-0.32213770	-0.30886840	-0.28163147	-0.28065074	-0.27486122	-0.27342062	-0.26828558	-0.26788334	-0.25313126	-0.24904783	-0.24583543	-0.24289628	-0.23958656	-0.23918052	-0.23641349	-0.23561647	-0.23492080	-0.23463549	-0.23223834	-0.23194332	-0.22818146
6.80000	-0.32315715	-0.30905179	-0.28247977	-0.28157299	-0.27557128	-0.27424779	-0.26886481	-0.26848088	-0.25414562	-0.25008084	-0.24679877	-0.24388891	-0.24050049	-0.24007364	-0.23734349	-0.23647226	-0.23592934	-0.23546821	-0.23326405	-0.23296586	-0.22917622
6.90000	-0.32409967	-0.30915132	-0.28328805	-0.28235806	-0.27625115	-0.27491500	-0.26937391	-0.26900526	-0.25508408	-0.25100938	-0.24765916	-0.24477664	-0.24133806	-0.24087436	-0.23817365	-0.23723551	-0.23683117	-0.23623469	-0.23417998	-0.23388007	-0.23006306
7.00000	-0.32496536	-0.30916455	-0.28404318	-0.28301352	-0.27676436	-0.27558505	-0.26981663	-0.26946182	-0.25595247	-0.25184137	-0.24842458	-0.24557021	-0.24209995	-0.24158332	-0.23891068	-0.23792278	-0.23763729	-0.23694858	-0.23499446	-0.23469362	-0.23084911
7.10000	-0.32576447	-0.30910736	-0.28475109	-0.28356151	-0.27725587	-0.27611640	-0.27019656	-0.26985572	-0.25675520	-0.25258298	-0.24910305	-0.24627262	-0.24279513	-0.24220736	-0.23956082	-0.23853686	-0.23834164	-0.23760603	-0.23571558	-0.23541280	-0.23154104
7.20000	-0.32650142	-0.30898610	-0.28540298	-0.28401921	-0.27774983	-0.27649958	-0.27051715	-0.27019166	-0.25749692	-0.25324045	-0.24970187	-0.24689011	-0.24342728	-0.24275107	-0.24012989	-0.23910163	-0.23893349	-0.23820829	-0.23635099	-0.23604406	-0.23214508
7.30000	-0.32717737	-0.30879948	-0.28598846	-0.28440038	-0.27812051	-0.27687579	-0.27078177	-0.27047405	-0.25818163	-0.25382015	-0.25022850	-0.24743086	-0.24399587	-0.24321890	-0.24062331	-0.23962264	-0.23942535	-0.23876416	-0.23690761	-0.23659367	-0.23266712
7.40000	-0.32779786	-0.30855598	-0.28651140	-0.28471513	-0.27843390	-0.27718732	-0.27099377	-0.27070693	-0.25881328	-0.25432731	-0.25068982	-0.24789927	-0.24450540	-0.24361660	-0.24104617	-0.24009212	-0.23982918	-0.23927417	-0.23739151	-0.23706739	-0.23311269
7.50000	-0.32836518	-0.30825654	-0.28697193	-0.28497122	-0.27861588	-0.27751870	-0.27115657	-0.27089405	-0.25939528	-0.25476733	-0.25109281	-0.24830177	-0.24495662	-0.24394901	-0.24140326	-0.24049184	-0.24018458	-0.23973537	-0.23780795	-0.23747102	-0.23348704
7.60000	-0.32888601	-0.30791349	-0.28737660	-0.28517520	-0.27882447	-0.27771996	-0.27127378	-0.27103880	-0.25993055	-0.25514455	-0.25144375	-0.24864068	-0.24535568	-0.24422137	-0.24169911	-0.24083714	-0.24047471	-0.24014657	-0.23816145	-0.23780972	-0.23379508
7.70000	-0.32936211	-0.30752725	-0.28772654	-0.28533247	-0.27898839	-0.27787157	-0.27134945	-0.27114376	-0.26042208	-0.25546374	-0.25174918	-0.24892185	-0.24570298	-0.24443802	-0.24193794	-0.24112442	-0.24072801	-0.24050048	-0.23845602	-0.23808920	-0.23404149
7.80000	-0.32979804	-0.30710633	-0.28802593	-0.28544823	-0.27919143	-0.27789786	-0.27138860	-0.27121042	-0.26087225	-0.25572896	-0.25201514	-0.24914817	-0.24600237	-0.24460328	-0.24212377	-0.24136103	-0.24097413	-0.24076624	-0.23869322	-0.23831470	-0.23423068
7.90000	-0.33019391	-0.30664583	-0.28827662	-0.28552662	-0.27927743	-0.27796213	-0.27139809	-0.27123809	-0.26128353	-0.25594465	-0.25224785	-0.24932645	-0.24625252	-0.24472109	-0.24226037	-0.24154630	-0.24123511	-0.24094000	-0.23888099	-0.23849358	-0.23436682
8.00000	-0.33055392	-0.30615357	-0.28848303	-0.28557176	-0.27932859	-0.27798921	-0.27138645	-0.27122439	-0.26165792	-0.25611437	-0.25245278	-0.24945928	-0.24645700	-0.24479549	-0.24235133	-0.24169204	-0.24147677	-0.24104923	-0.23902000	-0.23863335	-0.23467604
8.10000	-0.33088070	-0.30563292	-0.28864851	-0.28558733	-0.27934814	-0.27798229	-0.27135992	-0.27116894	-0.26199721	-0.25624167	-0.25263515	-0.24955007	-0.24661768	-0.24483016	-0.24240003	-0.24182526	-0.24166063	-0.24111374	-0.23911430	-0.23874415	-0.23533183
8.20000	-0.33117672	-0.30508709	-0.28877630	-0.28557677	-0.27933989	-0.27794364	-0.27131958	-0.27107647	-0.26230300	-0.25632991	-0.25279968	-0.24960233	-0.24673651	-0.24482866	-0.24240972	-0.24198016	-0.24175245	-0.24114171	-0.23916692	-0.23884296	-0.23599719
8.30000	-0.33144426	-0.30451905	-0.28886947	-0.28554319	-0.27930578	-0.27787705	-0.27126475	-0.27095328	-0.26257663	-0.25638224	-0.25295069	-0.24961889	-0.24681556	-0.24479430	-0.24238360	-0.24213550	-0.24177617	-0.24113787	-0.23918250	-0.23895855	-0.23661786
8.40000	-0.33168550	-0.30393165	-0.28893094	-0.28548946	-0.27924903	-0.27778452	-0.27119557	-0.27080471	-0.26281922	-0.25640164	-0.25309169	-0.24960290	-0.24685709	-0.24473027	-0.24232758	-0.24226756	-0.24175587	-0.24110580	-0.23919880	-0.23910901	-0.23712678
8.50000	-0.33190244	-0.30332758	-0.28896348	-0.28541821	-0.27917118	-0.27766951	-0.27111307	-0.27063512	-0.26303161	-0.25639091	-0.25322568	-0.24955713	-0.24686364	-0.24463957	-0.24238505	-0.24223053	-0.24170032	-0.24104858	-0.23948587	-0.23908834	-0.23745563
8.60000	-0.33209702	-0.30270938	-0.28896971	-0.28533189	-0.27907567	-0.27753315	-0.27101868	-0.27044842	-0.26321445	-0.25635270	-0.25335504	-0.24948401	-0.24683804	-0.24452510	-0.24246821	-0.24211319	-0.24161535	-0.24096904	-0.23994648	-0.23900464	-0.23759312
8.70000	-0.33227099	-0.30207946	-0.28895209	-0.28523269	-0.27896370	-0.27737853	-0.27091396	-0.27024829	-0.26336810	-0.25628951	-0.25348150	-0.24938606	-0.24678335	-0.24438956	-0.24252615	-0.24196956	-0.24150476	-0.24087001	-0.24049651	-0.23889091	-0.23759123
8.80000	-0.33242600	-0.30144007	-0.28891292	-0.28512262	-0.27883767	-0.27720724	-0.27080045	-0.27003837	-0.26349271	-0.25620369	-0.25360628	-0.24926556	-0.24670294	-0.24423556	-0.24255924	-0.24180253	-0.24138169	-0.24107449	-0.24075130	-0.23875134	-0.23750238
8.90000	-0.33256362	-0.30079341	-0.28885436	-0.28500352	-0.27869918	-0.27702132	-0.27067965	-0.26982228	-0.26358812	-0.25609748	-0.25373016	-0.24912434	-0.24660034	-0.24406560	-0.24256932	-0.24170354	-0.24161436	-0.24119066	-0.24061930	-0.23858865	-0.23735744
9.00000	-0.33268527	-0.30014151	-0.28877844	-0.28487701	-0.27854850	-0.27682395	-0.27055295	-0.26960368	-0.26365408	-0.25597298	-0.25385353	-0.24896482	-0.24647925	-0.24388223	-0.24256921	-0.24227403	-0.24140718	-0.24101881	-0.24047326	-0.23840516	-0.23717301
9.10000	-0.33279230	-0.29948630	-0.28868704	-0.28474460	-0.27838758	-0.27661625	-0.27042163	-0.26938619	-0.26369012	-0.25583218	-0.25397650	-0.24878867	-0.24634341	-0.24368864	-0.24289612	-0.24248457	-0.24118294	-0.24082449	-0.24031529	-0.23820299	-0.23695861
9.20000	-0.33288595	-0.29882963	-0.28858189	-0.28460759	-0.27821787	-0.27639962	-0.27028688	-0.26917329	-0.26369572	-0.25567697	-0.25409895	-0.24859766	-0.24619658	-0.24352627	-0.24340798	-0.24243024	-0.24094353	-0.24061414	-0.24014694	-0.23798412	-0.23672029
9.30000	-0.33296737	-0.29817323	-0.28846463	-0.28446717	-0.27803953	-0.27617653	-0.27014975	-0.26896830	-0.26367048	-0.25550914	-0.25422067	-0.24839372	-0.24604244	-0.24400373	-0.24326200	-0.24234482	-0.24069073	-0.24039031	-0.23996952	-0.23775038	-0.23646234
9.40000	-0.33303765	-0.29751879	-0.28833677	-0.28432440	-0.27785501	-0.27594686	-0.27001123	-0.26877411	-0.26361421	-0.25533039	-0.25434128	-0.24817815	-0.24588458	-0.24452708	-0.24304584	-0.24223570	-0.24042625	-0.24015537	-0.23978409	-0.23750352	-0.23618802
9.50000	-0.33309747	-0.29686123	-0.28819888	-0.28418021	-0.27762642	-0.27575522	-0.26987219	-0.26859309	-0.26352713	-0.25514262	-0.25446038	-0.24795535	-0.24572664	-0.24503102	-0.24282404	-0.24210448	-0.24015173	-0.23991188	-0.23959148	-0.23724515	-0.23589999
9.60000	-0.33314872	-0.29622204	-0.28805472	-0.28403538	-0.27746894	-0.27547459	-0.26973337	-0.26842689	-0.26341005	-0.25494684	-0.25457731	-0.24772092	-0.24558540	-0.24549864	-0.24259908	-0.24195243	-0.23986875	-0.23966021	-0.23939195	-0.23697677	-0.23560049
9.70000	-0.33319125	-0.29558264	-0.28790295	-0.28389062	-0.27726815	-0.27523486	-0.26959546	-0.26827641	-0.26326437	-0.25475010	-0.25468679	-0.24748722	-0.24597477	-0.24541437	-0.24237226	-0.24178068	-0.23957888	-0.23940456	-0.23918540	-0.23669969	-0.23529153
9.80000	-0.33322619	-0.29495110	-0.28774548	-0.28374654	-0.27706241	-0.27499469	-0.26945905	-0.26814176	-0.26309220	-0.25480746	-0.25453452	-0.24726909	-0.24638872	-0.24527031	-0.24214431	-0.24159116	-0.23928390	-0.23914729	-0.23897045	-0.23641529	-0.23497492
9.90000	-0.33325427	-0.29432872	-0.28758331	-0.28360365	-0.27685353	-0.27475353	-0.26932465	-0.26802239	-0.26289619	-0.25491619	-0.25432413	-0.24717057	-0.24665811	-0.24513378	-0.24191566	-0.24138634	-0.23898652	-0.23889211	-0.23874407	-0.23612482	-0.23465231
10.00000	-0.33327615	-0.29371674	-0.28741732	-0.28346238	-0.27664176	-0.27451225	-0.26919273	-0.26791717	-0.26267938	-0.25502214	-0.25411067	-0.24740709	-0.24656802	-0.24500640	-0.24168659	-0.24116869	-0.23869586	-0.23863621	-0.23850283	-0.23582943	-0.23432522
10.10000	-0.33329243	-0.29311635	-0.28724825	-0.28332310	-0.27642632	-0.27427278	-0.26906361	-0.26782468	-0.26244501	-0.25512452	-0.25389577	-0.24776491	-0.24633399	-0.24488893	-0.24145737	-0.24093993	-0.23843911	-0.23835440	-0.23824749	-0.23553009	-0.23399509
10.20000	-0.33330369	-0.29252867	-0.28707680	-0.28318608	-0.27620802	-0.27403513	-0.26893762	-0.26774333	-0.26219640	-0.25522300	-0.25368062	-0.24813001	-0.24607073	-0.24478173	-0.24122843	-0.24070247	-0.23820744	-0.23805315	-0.23798294	-0.23522784	-0.23366328
10.30000	-0.33331026	-0.29194569	-0.28690175	-0.28305154	-0.27596619	-0.27382876	-0.26881503	-0.26767151	-0.26193673	-0.25531731	-0.25346652	-0.24848540	-0.24579875	-0.24468481	-0.24100033	-0.24045804	-0.23798279	-0.23774890	-0.23771381	-0.23492359	-0.23333110
10.40000	-0.33331314	-0.29139581	-0.28672908	-0.28291979	-0.27576309	-0.27356801	-0.26869603	-0.26760771	-0.26166901	-0.25540724	-0.25325405	-0.24882672	-0.24551622	-0.24459788	-0.24077368	-0.24020845	-0.23776045	-0.23745336	-0.23743355	-0.23461826	-0.23299973
10.50000	-0.33331224	-0.29085262	-0.28655378	-0.28279083	-0.27553793	-0.27333828	-0.26858078	-0.26755056	-0.26139594	-0.25549257	-0.25304481	-0.24915307	-0.24523174	-0.24452044	-0.24054909	-0.23995524	-0.23753914	-0.23718031	-0.23713353	-0.23431265	-0.23267037
10.60000	-0.33330813	-0.29032623	-0.28637785	-0.28266480	-0.27530960	-0.27311321	-0.26846941	-0.26749883	-0.26112001	-0.25557319	-0.25283984	-0.24946364	-0.24494545	-0.24445139	-0.24032702	-0.23969935	-0.23731836	-0.23691316	-0.23683202	-0.23400744	-0.23234414
10.70000	-0.33330117	-0.28981754	-0.28620165	-0.28254176	-0.27507972	-0.27289151	-0.26836201	-0.26745152	-0.26084332	-0.25564891	-0.25264052	-0.24975793	-0.24466055	-0.24438737	-0.24010783	-0.23944226	-0.23709810	-0.23664979	-0.23653313	-0.23370336	-0.23202209
10.80000	-0.33329169	-0.28932745	-0.28602523	-0.28242175	-0.27484790	-0.27267396	-0.26825861	-0.26740775	-0.26056777	-0.25571963	-0.25244865	-0.25003500	-0.24441079	-0.24429479	-0.23989170	-0.23918500	-0.23687850	-0.23639058	-0.23623797	-0.23340103	-0.23170525
10.90000	-0.33327989	-0.28884493	-0.28584668	-0.28230448	-0.27460328	-0.27248252	-0.26815918	-0.26736680	-0.26029522	-0.25578528	-0.25226706	-0.25029337	-0.24432143	-0.24405023	-0.23967873	-0.23892873	-0.23665978	-0.23613665	-0.23594727	-0.23310106	-0.23139460
11.00000	-0.33326624	-0.28839409	-0.28566979	-0.28219046	-0.27436931	-0.27227303	-0.26806392	-0.26732808	-0.26002657	-0.25584576	-0.25210000	-0.25052876	-0.24427975	-0.24376217	-0.23946884	-0.23867398	-0.23644230	-0.23588751	-0.23566192	-0.23280397	-0.23109098
11.10000	-0.33325088	-0.28796437	-0.28549231	-0.28207940	-0.27413375	-0.27206824	-0.26797266	-0.26729110	-0.25976321	-0.25590106	-0.25195646	-0.25073340	-0.24424841	-0.24346940	-0.23926198	-0.23842209	-0.23622619	-0.23564400	-0.23538189	-0.23251010	-0.23079523
11.20000	-0.33323412	-0.28757027	-0.28531530	-0.28197179	-0.27390429	-0.27184858	-0.26788549	-0.26725547	-0.25950589	-0.25595112	-0.25185411	-0.25088989	-0.24422353	-0.24317371	-0.23905800	-0.23817337	-0.23601184	-0.23540611	-0.23510792	-0.23221993	-0.23050812
11.30000	-0.33321571	-0.28716938	-0.28513373	-0.28186596	-0.27365835	-0.27167253	-0.26780212	-0.26722086	-0.25925617	-0.25599578	-0.25182227	-0.25097143	-0.24420329	-0.24287948	-0.23885692	-0.23793290	-0.23579957	-0.23517607	-0.23484038	-0.23193606	-0.23023053
11.40000	-0.33319679	-0.28682549	-0.28495274	-0.28176426	-0.27342575	-0.27146388	-0.26772285	-0.26718700	-0.25901368	-0.25603557	-0.25187544	-0.25096115	-0.24418772	-0.24258671	-0.23865822	-0.23768864	-0.23558962	-0.23495151	-0.23457966	-0.23165214	-0.22996272
11.60000	-0.33315548	-0.28615935	-0.28457857	-0.28156662	-0.27294095	-0.27111623	-0.26757558	-0.26712068	-0.25855470	-0.25609910	-0.25213700	-0.25077482	-0.24416389	-0.24200274	-0.23826869	-0.23722836	-0.23517777	-0.23452570	-0.23407955	-0.23110521	-0.22945948
11.70000	-0.33313402	-0.28589102	-0.28438691	-0.28147319	-0.27270548	-0.27092323	-0.26750769	-0.26708789	-0.25833809	-0.25612335	-0.25229132	-0.25065158	-0.24415484	-0.24171477	-0.23807743	-0.23700004	-0.23497630	-0.23432289	-0.23384061	-0.23083616	-0.22922451
11.80000	-0.33311208	-0.28562983	-0.28419141	-0.28138130	-0.27246652	-0.27075259	-0.26744335	-0.26705515	-0.25813086	-0.25614269	-0.25244612	-0.25052471	-0.24414611	-0.24142679	-0.23788866	-0.23678208	-0.23477806	-0.23412828	-0.23360923	-0.23057458	-0.22900124
11.90000	-0.33308958	-0.28539132	-0.28399320	-0.28129176	-0.27222854	-0.27058678	-0.26738261	-0.26702240	-0.25793287	-0.25615700	-0.25259798	-0.25039844	-0.24413720	-0.24114158	-0.23770235	-0.23657035	-0.23458320	-0.23394126	-0.23338550	-0.23031852	-0.22878973
12.00000	-0.33306677	-0.28517451	-0.28379363	-0.28120456	-0.27199261	-0.27042533	-0.26732532	-0.26698956	-0.25774413	-0.25616655	-0.25274453	-0.25027503	-0.24412739	-0.24085875	-0.23751857	-0.23636490	-0.23439187	-0.23376206	-0.23316949	-0.23006811	-0.22859006
12.20000	-0.33302054	-0.28479710	-0.28339690	-0.28103682	-0.27152832	-0.27011568	-0.26722064	-0.26692342	-0.25739413	-0.25617184	-0.25301850	-0.25004103	-0.24410235	-0.24030122	-0.23715900	-0.23597334	-0.23402019	-0.23342701	-0.23276052	-0.22958477	-0.22822605
12.30000	-0.33299728	-0.28463184	-0.28320313	-0.28095615	-0.27130070	-0.26996768	-0.26717295	-0.26689015	-0.25723268	-0.25616792	-0.25314538	-0.24993146	-0.24408587	-0.24002716	-0.23698351	-0.23578719	-0.23383999	-0.23327104	-0.23256748	-0.22935206	-0.22806139
12.40000	-0.33297401	-0.28447943	-0.28301440	-0.28087754	-0.27107725	-0.26982353	-0.26712813	-0.26685680	-0.25707997	-0.25615987	-0.25326554	-0.24982711	-0.24406600	-0.23975630	-0.23681109	-0.23560750	-0.23366367	-0.23312294	-0.23238196	-0.22912543	-0.22790798
12.60000	-0.33292763	-0.28420606	-0.28265597	-0.28072623	-0.27064351	-0.26954779	-0.26704623	-0.26679021	-0.25680006	-0.25613208	-0.25348609	-0.24963419	-0.24401405	-0.23922528	-0.23647620	-0.23526741	-0.23332279	-0.23284942	-0.23203293	-0.22869070	-0.22763333
12.70000	-0.33290462	-0.28408241	-0.28248753	-0.28065347	-0.27043433	-0.26941576	-0.26700871	-0.26675720	-0.25667237	-0.25611274	-0.25358688	-0.24954551	-0.24398110	-0.23896545	-0.23631408	-0.23510680	-0.23315838	-0.23272392	-0.23186914	-0.22848269	-0.22751123
12.80000	-0.33288179	-0.28396601	-0.28232668	-0.28058257	-0.27023092	-0.26928744	-0.26697318	-0.26672452	-0.25655251	-0.25609003	-0.25368164	-0.24946186	-0.24394299	-0.23870956	-0.23615574	-0.23495237	-0.23299807	-0.23260573	-0.23171228	-0.22828098	-0.22739860
12.90000	-0.33285916	-0.28385607	-0.28217347	-0.28051351	-0.27003337	-0.26916281	-0.26693941	-0.26669229	-0.25644033	-0.25606406	-0.25377058	-0.24938310	-0.24389939	-0.23845790	-0.23600132	-0.23480392	-0.23284199	-0.23249460	-0.23156213	-0.22808557	-0.22729481
13.00000	-0.33283677	-0.28375198	-0.28202784	-0.28044628	-0.26984236	-0.26904140	-0.26690722	-0.26666061	-0.25633571	-0.25603493	-0.25385396	-0.24930907	-0.24385004	-0.23821047	-0.23585097	-0.23466123	-0.23269034	-0.23239040	-0.23141852	-0.22789644	-0.22719936
13.10000	-0.33281464	-0.28365314	-0.28188960	-0.28038085	-0.26965824	-0.26892299	-0.26687642	-0.26662955	-0.25623863	-0.25600259	-0.25393198	-0.24923956	-0.24379469	-0.23796718	-0.23570478	-0.23452455	-0.23254350	-0.23229250	-0.23128122	-0.22771364	-0.22711146
13.20000	-0.33279281	-0.28355911	-0.28175851	-0.28031721	-0.26948083	-0.26880787	-0.26684688	-0.26659919	-0.25615005	-0.25596601	-0.25400496	-0.24917441	-0.24373320	-0.23772871	-0.23556287	-0.23439305	-0.23240226	-0.23220006	-0.23115003	-0.22753713	-0.22703053
13.30000	-0.33277127	-0.28346946	-0.28163424	-0.28025533	-0.26931093	-0.26869536	-0.26681844	-0.26656957	-0.25606942	-0.25592570	-0.25407303	-0.24911341	-0.24366540	-0.23749463	-0.23542527	-0.23426715	-0.23226842	-0.23211113	-0.23102472	-0.22736701	-0.22695568
13.40000	-0.33275007	-0.28338385	-0.28151650	-0.28019522	-0.26914868	-0.26858540	-0.26679102	-0.26654075	-0.25599824	-0.25588007	-0.25413653	-0.24905638	-0.24359123	-0.23726512	-0.23529206	-0.23414650	-0.23214647	-0.23202112	-0.23090509	-0.22720357	-0.22688593
13.50000	-0.33272920	-0.28330207	-0.28140490	-0.28013685	-0.26899406	-0.26847770	-0.26676450	-0.26651269	-0.25593723	-0.25582843	-0.25419558	-0.24900309	-0.24351062	-0.23704047	-0.23516320	-0.23403069	-0.23204419	-0.23192211	-0.23079089	-0.22704716	-0.22682015
13.60000	-0.33270867	-0.28322374	-0.28129912	-0.28008020	-0.26884735	-0.26837199	-0.26673882	-0.26648543	-0.25588394	-0.25577282	-0.25425127	-0.24895339	-0.24342359	-0.23682035	-0.23503870	-0.23391977	-0.23196419	-0.23181128	-0.23068191	-0.22690039	-0.22675497
13.70000	-0.33268852	-0.28314884	-0.28119880	-0.28002530	-0.26870867	-0.26826811	-0.26671392	-0.26645896	-0.25583704	-0.25571513	-0.25430227	-0.24890704	-0.24333012	-0.23660536	-0.23491852	-0.23381356	-0.23190019	-0.23169480	-0.23057794	-0.22677372	-0.22667918
13.80000	-0.33266873	-0.28307704	-0.28110360	-0.27997211	-0.26857808	-0.26816582	-0.26668973	-0.26643328	-0.25579343	-0.25565819	-0.25434946	-0.24886385	-0.24323032	-0.23639530	-0.23480258	-0.23371182	-0.23184673	-0.23157792	-0.23047876	-0.22668849	-0.22657071
13.90000	-0.33264932	-0.28300817	-0.28101317	-0.27992063	-0.26845546	-0.26806502	-0.26666621	-0.26640835	-0.25575165	-0.25560335	-0.25439308	-0.24882364	-0.24312428	-0.23619023	-0.23469077	-0.23361436	-0.23180130	-0.23146292	-0.23038415	-0.22662978	-0.22644372
14.10000	-0.33261164	-0.28287860	-0.28084543	-0.27982268	-0.26823329	-0.26786796	-0.26662104	-0.26636069	-0.25567137	-0.25550198	-0.25447044	-0.24875144	-0.24289411	-0.23579512	-0.23447903	-0.23343179	-0.23173033	-0.23124194	-0.23020783	-0.22653285	-0.22619055
14.20000	-0.33259338	-0.28281760	-0.28076751	-0.27977617	-0.26813279	-0.26777218	-0.26659934	-0.26633790	-0.25563252	-0.25545567	-0.25450454	-0.24871909	-0.24277030	-0.23560545	-0.23437876	-0.23334612	-0.23170364	-0.23113656	-0.23012573	-0.22648811	-0.22606957
14.30000	-0.33257552	-0.28275896	-0.28069323	-0.27973128	-0.26803866	-0.26767858	-0.26657820	-0.26631578	-0.25559450	-0.25541222	-0.25453583	-0.24868904	-0.24264096	-0.23542108	-0.23428195	-0.23326404	-0.23168230	-0.23103475	-0.23004741	-0.22644454	-0.22595284
14.40000	-0.33255804	-0.28270256	-0.28062232	-0.27968796	-0.26795031	-0.26758748	-0.26655760	-0.26629429	-0.25555735	-0.25537150	-0.25456447	-0.24866110	-0.24250633	-0.23524213	-0.23418834	-0.23318537	-0.23166595	-0.23093654	-0.22997270	-0.22640158	-0.22584035
14.50000	-0.33254097	-0.28264828	-0.28055455	-0.27964620	-0.26786716	-0.26749918	-0.26653752	-0.26627340	-0.25552114	-0.25533338	-0.25459062	-0.24863514	-0.24236665	-0.23506876	-0.23409764	-0.23310997	-0.23165429	-0.23084192	-0.22990141	-0.22635878	-0.22573204
14.60000	-0.33252427	-0.28259603	-0.28048972	-0.27960594	-0.26778869	-0.26741394	-0.26651794	-0.26625308	-0.25548590	-0.25529769	-0.25461442	-0.24861100	-0.24222218	-0.23490116	-0.23400948	-0.23303766	-0.23164700	-0.23075086	-0.22983338	-0.22631578	-0.22562777
14.70000	-0.33250797	-0.28254571	-0.28042763	-0.27956716	-0.26771442	-0.26733193	-0.26649884	-0.26623331	-0.25545172	-0.25526430	-0.25463604	-0.24858856	-0.24207321	-0.23473961	-0.23392344	-0.23296831	-0.23164378	-0.23066330	-0.22976845	-0.22627228	-0.22552742
14.80000	-0.33249205	-0.28249723	-0.28036810	-0.27952982	-0.26764394	-0.26725327	-0.26648021	-0.26621406	-0.25541861	-0.25523304	-0.25465560	-0.24856766	-0.24192000	-0.23458444	-0.23383898	-0.23290174	-0.23164431	-0.23057917	-0.22970645	-0.22622803	-0.22543083
14.90000	-0.33247652	-0.28245050	-0.28031096	-0.27949387	-0.26757692	-0.26717805	-0.26646204	-0.26619531	-0.25538662	-0.25520379	-0.25467326	-0.24854820	-0.24176284	-0.23443626	-0.23375552	-0.23283776	-0.23164826	-0.23049842	-0.22964726	-0.22618282	-0.22533788
15.00000	-0.33246138	-0.28240546	-0.28025608	-0.27945929	-0.26751308	-0.26710627	-0.26644432	-0.26617703	-0.25535580	-0.25517642	-0.25468912	-0.24853006	-0.24160207	-0.23429542	-0.23367225	-0.23277639	-0.23165538	-0.23042095	-0.22959072	-0.22613649	-0.22524840
15.10000	-0.33244661	-0.28236201	-0.28020330	-0.27942601	-0.26745216	-0.26703790	-0.26642701	-0.26615921	-0.25532615	-0.25515078	-0.25470332	-0.24851311	-0.24143794	-0.23416279	-0.23358830	-0.23271736	-0.23166533	-0.23034668	-0.22953671	-0.22608885	-0.22516228
15.20000	-0.33243222	-0.28232011	-0.28015250	-0.27939401	-0.26739395	-0.26697289	-0.26641010	-0.26614181	-0.25529767	-0.25512676	-0.25471595	-0.24849726	-0.24127075	-0.23403909	-0.23350271	-0.23266064	-0.23167780	-0.23027550	-0.22948509	-0.22603983	-0.22507932
15.30000	-0.33241819	-0.28227966	-0.28010356	-0.27936324	-0.26733829	-0.26691118	-0.26639357	-0.26612482	-0.25527052	-0.25510421	-0.25472702	-0.24848241	-0.24110080	-0.23392510	-0.23341460	-0.23260606	-0.23169248	-0.23020731	-0.22943575	-0.22598933	-0.22499940
15.40000	-0.33240454	-0.28224066	-0.28005638	-0.27933364	-0.26728497	-0.26685269	-0.26637740	-0.26610823	-0.25524423	-0.25508313	-0.25473701	-0.24846846	-0.24092837	-0.23382128	-0.23332332	-0.23255357	-0.23170907	-0.23014201	-0.22938857	-0.22593730	-0.22492238
15.50000	-0.33239125	-0.28220296	-0.28001086	-0.27930520	-0.26723395	-0.26679730	-0.26636156	-0.26609202	-0.25521942	-0.25506328	-0.25474549	-0.24845534	-0.24075376	-0.23372769	-0.23322883	-0.23250289	-0.23172722	-0.23007951	-0.22934345	-0.22588362	-0.22484820
15.60000	-0.33237830	-0.28216658	-0.27996690	-0.27927786	-0.26718501	-0.26674494	-0.26634601	-0.26607616	-0.25519557	-0.25504467	-0.25475294	-0.24844294	-0.24057722	-0.23364374	-0.23313148	-0.23245405	-0.23174663	-0.23001967	-0.22930027	-0.22582830	-0.22477664
15.70000	-0.33236572	-0.28213146	-0.27992444	-0.27925158	-0.26713810	-0.26669550	-0.26633073	-0.26606067	-0.25517283	-0.25502717	-0.25475935	-0.24843121	-0.24039904	-0.23356849	-0.23303221	-0.23240691	-0.23176694	-0.22996241	-0.22925895	-0.22577133	-0.22470762
15.80000	-0.33235348	-0.28209755	-0.27988339	-0.27922631	-0.26709304	-0.26664892	-0.26631567	-0.26604552	-0.25515099	-0.25501076	-0.25476494	-0.24842007	-0.24021948	-0.23350078	-0.23293214	-0.23236137	-0.23178779	-0.22990760	-0.22921940	-0.22571267	-0.22464104
15.90000	-0.33234158	-0.28206476	-0.27984368	-0.27920203	-0.26704987	-0.26660506	-0.26630078	-0.26603069	-0.25513036	-0.25499527	-0.25476946	-0.24840945	-0.24003880	-0.23343942	-0.23283231	-0.23231739	-0.23180883	-0.22985515	-0.22918152	-0.22565234	-0.22457674
16.00000	-0.33233001	-0.28203308	-0.27980525	-0.27917870	-0.26700841	-0.26656386	-0.26628600	-0.26601619	-0.25511075	-0.25498068	-0.25477319	-0.24839930	-0.23985721	-0.23338352	-0.23273420	-0.23227473	-0.23182932	-0.22980494	-0.22914522	-0.22559034	-0.22451464
16.10000	-0.33231879	-0.28200247	-0.27976805	-0.27915627	-0.26696868	-0.26652526	-0.26627127	-0.26600200	-0.25509213	-0.25496693	-0.25477615	-0.24838956	-0.23967497	-0.23333227	-0.23263904	-0.23223334	-0.23184848	-0.22975689	-0.22911046	-0.22552670	-0.22445461
16.20000	-0.33230787	-0.28197287	-0.27973199	-0.27913471	-0.26693049	-0.26648921	-0.26625651	-0.26598812	-0.25507441	-0.25495394	-0.25477843	-0.24838017	-0.23949230	-0.23328489	-0.23254774	-0.23219322	-0.23186561	-0.22971086	-0.22907712	-0.22546140	-0.22439657
16.30000	-0.33229727	-0.28194426	-0.27969706	-0.27911400	-0.26689381	-0.26645568	-0.26624168	-0.26597454	-0.25505782	-0.25494163	-0.25477991	-0.24837109	-0.23930943	-0.23324097	-0.23246208	-0.23215435	-0.23187910	-0.22966678	-0.22904516	-0.22539450	-0.22434043
16.40000	-0.33228699	-0.28191663	-0.27966319	-0.27909408	-0.26685861	-0.26642459	-0.26622666	-0.26596127	-0.25504163	-0.25493007	-0.25478121	-0.24836227	-0.23912656	-0.23320010	-0.23238431	-0.23211684	-0.23188656	-0.22962455	-0.22901450	-0.22532600	-0.22428608
16.50000	-0.33227702	-0.28188989	-0.27963036	-0.27907495	-0.26682486	-0.26639593	-0.26621138	-0.26594829	-0.25502672	-0.25491905	-0.25478161	-0.24835369	-0.23894389	-0.23316199	-0.23231762	-0.23208099	-0.23188441	-0.22958407	-0.22898509	-0.22525595	-0.22423344
16.60000	-0.33226734	-0.28186405	-0.27959850	-0.27905655	-0.26679241	-0.26636964	-0.26619579	-0.26593561	-0.25501234	-0.25490864	-0.25478175	-0.24834529	-0.23876161	-0.23312640	-0.23226570	-0.23204710	-0.23186857	-0.22954525	-0.22895687	-0.22518439	-0.22418239
16.70000	-0.33225794	-0.28183905	-0.27956758	-0.27903885	-0.26676125	-0.26634564	-0.26617984	-0.26592320	-0.25499868	-0.25489877	-0.25478148	-0.24833704	-0.23857991	-0.23309309	-0.23223090	-0.23201482	-0.23183687	-0.22950800	-0.22892976	-0.22511134	-0.22413285
16.80000	-0.33224884	-0.28181490	-0.27953759	-0.27902183	-0.26673133	-0.26632386	-0.26616356	-0.26591111	-0.25498548	-0.25488946	-0.25478105	-0.24832892	-0.23839895	-0.23306204	-0.23221362	-0.23198310	-0.23178979	-0.22947226	-0.22890374	-0.22503686	-0.22408476
16.90000	-0.33224001	-0.28179153	-0.27950847	-0.27900547	-0.26670261	-0.26630414	-0.26614695	-0.26589929	-0.25497316	-0.25488057	-0.25478011	-0.24832090	-0.23821891	-0.23303306	-0.23220947	-0.23195133	-0.23173213	-0.22943792	-0.22887874	-0.22496097	-0.22403800
17.00000	-0.33223146	-0.28176891	-0.27948019	-0.27898976	-0.26667501	-0.26628631	-0.26613012	-0.26588777	-0.25496171	-0.25487205	-0.25477868	-0.24831296	-0.23803994	-0.23300608	-0.23221379	-0.23191960	-0.23166825	-0.22940492	-0.22885472	-0.22488374	-0.22399250
17.10000	-0.33222317	-0.28174705	-0.27945273	-0.27897463	-0.26664854	-0.26627020	-0.26611313	-0.26587653	-0.25495060	-0.25486400	-0.25477722	-0.24830507	-0.23786220	-0.23298105	-0.23222315	-0.23188811	-0.23160115	-0.22937318	-0.22883163	-0.22480519	-0.22394818
17.20000	-0.33221515	-0.28172592	-0.27942607	-0.27896008	-0.26662312	-0.26625561	-0.26609611	-0.26586558	-0.25494000	-0.25485634	-0.25477556	-0.24829721	-0.23768584	-0.23295794	-0.23223519	-0.23185703	-0.23153281	-0.22934264	-0.22880944	-0.22472538	-0.22390498
17.30000	-0.33220738	-0.28170547	-0.27940017	-0.27894608	-0.26659872	-0.26624235	-0.26607917	-0.26585491	-0.25492992	-0.25484904	-0.25477371	-0.24828937	-0.23751100	-0.23293670	-0.23224845	-0.23182638	-0.23146442	-0.22931323	-0.22878810	-0.22464436	-0.22386279
17.40000	-0.33219984	-0.28168570	-0.27937500	-0.27893260	-0.26657528	-0.26623022	-0.26606240	-0.26584452	-0.25492002	-0.25484212	-0.25477195	-0.24828153	-0.23733781	-0.23291733	-0.23226203	-0.23179611	-0.23139665	-0.22928488	-0.22876756	-0.22456214	-0.22382158
17.50000	-0.33219256	-0.28166657	-0.27935056	-0.27891965	-0.26655280	-0.26621911	-0.26604591	-0.26583442	-0.25491114	-0.25483543	-0.25476960	-0.24827368	-0.23716643	-0.23289983	-0.23227527	-0.23176626	-0.23132999	-0.22925755	-0.22874781	-0.22447886	-0.22378120
17.60000	-0.33218551	-0.28164806	-0.27932681	-0.27890718	-0.26653126	-0.26620886	-0.26602973	-0.26582457	-0.25490238	-0.25482908	-0.25476741	-0.24826581	-0.23699696	-0.23288420	-0.23228779	-0.23173668	-0.23126466	-0.22923117	-0.22872879	-0.22439454	-0.22374160
17.70000	-0.33217869	-0.28163018	-0.27930375	-0.27889517	-0.26651053	-0.26619935	-0.26601396	-0.26581504	-0.25489376	-0.25482309	-0.25476533	-0.24825792	-0.23682952	-0.23287049	-0.23229939	-0.23170734	-0.23120074	-0.22920569	-0.22871049	-0.22430925	-0.22370270
17.80000	-0.33217208	-0.28161287	-0.27928133	-0.27888362	-0.26649065	-0.26619049	-0.26599860	-0.26580576	-0.25488576	-0.25481730	-0.25476298	-0.24824998	-0.23666428	-0.23285857	-0.23230948	-0.23167824	-0.23113854	-0.22918106	-0.22869286	-0.22422303	-0.22366444
17.90000	-0.33216570	-0.28159613	-0.27925955	-0.27887252	-0.26647154	-0.26618219	-0.26598370	-0.26579678	-0.25487809	-0.25481176	-0.25476060	-0.24824200	-0.23650138	-0.23284840	-0.23231790	-0.23164937	-0.23107813	-0.22915724	-0.22867588	-0.22413595	-0.22362675
18.00000	-0.33215952	-0.28157993	-0.27923839	-0.27886181	-0.26645323	-0.26617441	-0.26596923	-0.26578805	-0.25487076	-0.25480647	-0.25475818	-0.24823396	-0.23634085	-0.23284008	-0.23232495	-0.23162046	-0.23101923	-0.22913417	-0.22865952	-0.22404815	-0.22358947
18.10000	-0.33215354	-0.28156425	-0.27921783	-0.27885149	-0.26643568	-0.26616711	-0.26595520	-0.26577958	-0.25486390	-0.25480142	-0.25475580	-0.24822588	-0.23618289	-0.23283360	-0.23233055	-0.23159143	-0.23096187	-0.22911183	-0.22864376	-0.22395972	-0.22355249
18.20000	-0.33214776	-0.28154910	-0.27919785	-0.27884157	-0.26641881	-0.26616020	-0.26594164	-0.26577138	-0.25485714	-0.25479658	-0.25475336	-0.24821774	-0.23602755	-0.23282863	-0.23233432	-0.23156242	-0.23090628	-0.22909016	-0.22862856	-0.22387075	-0.22351575
18.30000	-0.33214217	-0.28153444	-0.27917845	-0.27883201	-0.26640263	-0.26615367	-0.26592853	-0.26576345	-0.25485064	-0.25479194	-0.25475092	-0.24820955	-0.23587499	-0.23282517	-0.23233648	-0.23153326	-0.23085231	-0.22906914	-0.22861391	-0.22378145	-0.22347904
18.40000	-0.33213677	-0.28152026	-0.27915959	-0.27882281	-0.26638710	-0.26614748	-0.26591586	-0.26575576	-0.25484440	-0.25478751	-0.25474850	-0.24820129	-0.23572538	-0.23282291	-0.23233696	-0.23150398	-0.23080001	-0.22904872	-0.22859978	-0.22369210	-0.22344207
18.50000	-0.33213155	-0.28150654	-0.27914128	-0.27881395	-0.26637220	-0.26614160	-0.26590362	-0.26574834	-0.25483865	-0.25478321	-0.25474589	-0.24819299	-0.23557873	-0.23282194	-0.23233614	-0.23147428	-0.23074917	-0.22902887	-0.22858615	-0.22360318	-0.22340438
18.60000	-0.33212651	-0.28149328	-0.27912349	-0.27880540	-0.26635789	-0.26613601	-0.26589180	-0.26574115	-0.25483260	-0.25477919	-0.25474372	-0.24818462	-0.23543515	-0.23282212	-0.23233414	-0.23144409	-0.23069973	-0.22900958	-0.22857300	-0.22351579	-0.22336489
18.70000	-0.33212163	-0.28148044	-0.27910621	-0.27879716	-0.26634416	-0.26613068	-0.26588038	-0.26573420	-0.25482703	-0.25477528	-0.25474138	-0.24817620	-0.23529489	-0.23282294	-0.23233081	-0.23141356	-0.23065184	-0.22899079	-0.22856030	-0.22343261	-0.22332092
18.80000	-0.33211692	-0.28146804	-0.27908943	-0.27878924	-0.26633099	-0.26612561	-0.26586935	-0.26572749	-0.25482166	-0.25477155	-0.25473908	-0.24816774	-0.23515803	-0.23282436	-0.23232643	-0.23138250	-0.23060537	-0.22897251	-0.22854805	-0.22335994	-0.22326623
18.90000	-0.33211236	-0.28145602	-0.27907313	-0.27878158	-0.26631834	-0.26612077	-0.26585870	-0.26572100	-0.25481647	-0.25476795	-0.25473681	-0.24815921	-0.23502468	-0.23282618	-0.23232114	-0.23135082	-0.23056026	-0.22895468	-0.22853621	-0.22330355	-0.22319505
19.00000	-0.33210796	-0.28144441	-0.27905730	-0.27877421	-0.26630620	-0.26611614	-0.26584841	-0.26571474	-0.25481147	-0.25476451	-0.25473458	-0.24815065	-0.23489497	-0.23282823	-0.23231505	-0.23131845	-0.23051647	-0.22893730	-0.22852478	-0.22325867	-0.22311220
19.10000	-0.33210371	-0.28143317	-0.27904193	-0.27876712	-0.26629453	-0.26611171	-0.26583850	-0.26570872	-0.25480690	-0.25476118	-0.25473219	-0.24814204	-0.23476905	-0.23283032	-0.23230828	-0.23128533	-0.23047397	-0.22892034	-0.22851374	-0.22321870	-0.22302434
19.20000	-0.33209959	-0.28142231	-0.27902702	-0.27876026	-0.26628335	-0.26610748	-0.26582891	-0.26570289	-0.25480198	-0.25475804	-0.25473030	-0.24813340	-0.23464720	-0.23283206	-0.23230086	-0.23125146	-0.23043277	-0.22890378	-0.22850307	-0.22318063	-0.22293453
19.30000	-0.33209562	-0.28141180	-0.27901254	-0.27875364	-0.26627265	-0.26610345	-0.26581962	-0.26569723	-0.25479750	-0.25475500	-0.25472820	-0.24812472	-0.23452912	-0.23283407	-0.23229313	-0.23121639	-0.23039258	-0.22888761	-0.22849275	-0.22314329	-0.22284400
19.40000	-0.33209178	-0.28140163	-0.27899849	-0.27874726	-0.26626235	-0.26609957	-0.26581067	-0.26569180	-0.25479315	-0.25475207	-0.25472617	-0.24811601	-0.23441539	-0.23283539	-0.23228492	-0.23118048	-0.23035363	-0.22887180	-0.22848278	-0.22310622	-0.22275329
19.50000	-0.33208807	-0.28139180	-0.27898485	-0.27874110	-0.26625245	-0.26609585	-0.26580202	-0.26568655	-0.25478895	-0.25474926	-0.25472419	-0.24810728	-0.23430599	-0.23283615	-0.23227636	-0.23114349	-0.23031576	-0.22885634	-0.22847313	-0.22306910	-0.22266278
19.60000	-0.33208449	-0.28138229	-0.27897162	-0.27873517	-0.26624295	-0.26609229	-0.26579366	-0.26568150	-0.25478490	-0.25474656	-0.25472226	-0.24809853	-0.23420110	-0.23283623	-0.23226754	-0.23110539	-0.23027895	-0.22884121	-0.22846380	-0.22303176	-0.22257278
19.70000	-0.33208103	-0.28137309	-0.27895878	-0.27872944	-0.26623383	-0.26608888	-0.26578559	-0.26567663	-0.25478097	-0.25474397	-0.25472039	-0.24808977	-0.23410086	-0.23283549	-0.23225848	-0.23106611	-0.23024315	-0.22882641	-0.22845477	-0.22299409	-0.22248350
19.80000	-0.33207767	-0.28136418	-0.27894632	-0.27872390	-0.26622507	-0.26608559	-0.26577777	-0.26567192	-0.25477740	-0.25474143	-0.25471835	-0.24808099	-0.23400562	-0.23283344	-0.23224915	-0.23102570	-0.23020838	-0.22881190	-0.22844603	-0.22295598	-0.22239517
19.90000	-0.33207444	-0.28135558	-0.27893424	-0.27871857	-0.26621666	-0.26608245	-0.26577023	-0.26566739	-0.25477374	-0.25473904	-0.25471658	-0.24807222	-0.23391514	-0.23283061	-0.23223975	-0.23098393	-0.23017447	-0.22879770	-0.22843757	-0.22291739	-0.22230802
20.00000	-0.33207131	-0.28134726	-0.27892253	-0.27871341	-0.26620858	-0.26607943	-0.26576294	-0.26566302	-0.25477019	-0.25473672	-0.25471485	-0.24806344	-0.23382976	-0.23282651	-0.23223022	-0.23094086	-0.23014145	-0.22878378	-0.22842937	-0.22287822	-0.22222228
